969.5
948.0
959.7
965.9
899.8
981.3
959.1
951.1
967.1
978.6
932.4
943.4
951.5
971.7
959.4
979.1
962.2
948.8
991.8
953.2
968.8
943.9
954.7
961.2
991.6
959.5
969.5
992.2
954.2
956.5
1000.0
940.4
992.5
949.3
958.1
981.5
960.1
970.6
955.1
887.3
974.8
965.0
969.0
978.2
976.8
973.0
981.6
973.3
967.1
928.6
973.7
981.5
976.6
978.0
980.3
959.8
977.6
967.0
968.0
974.3
954.8
973.4
971.6
942.4
977.1
967.1
987.8
753.2
972.9
973.3
937.9
982.5
974.1
988.6
955.5
902.0
990.9
969.2
956.0
971.2
967.2
949.1
974.1
959.3
971.7
973.0
951.9
969.6
969.7
964.8
981.9
949.3
970.9
961.2
971.3
971.8
979.4
981.0
965.0
960.1
977.8
966.9
