0.1092996597290039
0.10440659523010254
0.10417413711547852
0.11799502372741699
0.11111211776733398
0.1008596420288086
0.1010746955871582
0.10090756416320801
0.10027146339416504
0.10216093063354492
0.11150932312011719
0.1017308235168457
0.10086393356323242
0.10082459449768066
0.10107827186584473
0.10109138488769531
0.10074782371520996
0.10116195678710938
0.1007997989654541
0.10174107551574707
0.10319375991821289
0.10697650909423828
0.10053062438964844
0.10089421272277832
0.10182642936706543
0.10107278823852539
0.1010282039642334
0.10076236724853516
0.10163307189941406
0.1003427505493164
0.10097861289978027
0.10205626487731934
0.10174131393432617
0.10109996795654297
0.10121536254882812
0.10084700584411621
0.10098123550415039
0.10300064086914062
0.10571765899658203
0.1284470558166504
0.10974645614624023
0.10463857650756836
0.1031804084777832
0.10322380065917969
0.10336995124816895
0.10374093055725098
0.10287094116210938
0.10375046730041504
0.10751581192016602
0.10335612297058105
0.10370564460754395
0.10287117958068848
0.1033942699432373
0.10325050354003906
0.10300683975219727
0.10413122177124023
0.10328793525695801
0.10545086860656738
0.10328245162963867
0.10672259330749512
0.10366678237915039
0.10374116897583008
0.10290241241455078
0.10290122032165527
0.10330748558044434
0.10440635681152344
0.10425233840942383
0.1367321014404297
0.10378789901733398
0.10272026062011719
0.10340166091918945
0.10277390480041504
0.10262513160705566
0.10213518142700195
0.10565805435180664
0.11859774589538574
0.10291171073913574
0.10522031784057617
0.11189675331115723
0.10294175148010254
0.10336971282958984
0.10322976112365723
0.10468411445617676
0.10418868064880371
0.10391902923583984
0.102752685546875
0.10292530059814453
0.10311722755432129
0.10310173034667969
0.10466361045837402
0.10283875465393066
0.10426473617553711
0.10297179222106934
0.10502457618713379
0.10293412208557129
0.10390925407409668
0.10309624671936035
0.1029360294342041
0.10463762283325195
0.10413193702697754
0.10326766967773438
0.10340332984924316
