1789.2
776.5
1082.2
0.0
1084.0
2056.3
830.8
1408.8
1388.2
890.9
812.0
1275.3
1248.5
1003.5
933.7
1073.9
855.9
831.5
1146.0
711.1
859.2
1034.3
868.8
643.3
1116.8
880.6
1403.9
1118.0
582.8
0.0
1768.6
1013.0
941.1
1019.4
944.9
979.0
1326.1
851.6
1594.9
949.1
1279.8
1065.6
876.8
938.6
936.2
1127.5
919.3
950.6
1057.2
1328.9
755.0
1021.4
942.2
1537.2
1002.6
679.1
1236.5
1184.3
481.7
1059.5
1040.9
1233.7
1070.2
1306.0
669.3
1045.0
1271.4
824.2
999.0
625.3
1356.7
1056.8
1038.4
0.0
1149.5
1386.9
998.2
932.7
983.3
1002.3
1191.4
867.3
966.8
1168.6
690.3
1023.2
1257.0
1178.8
412.8
984.5
1245.5
1149.5
1521.8
783.8
1657.8
994.6
0.0
1361.2
877.7
1095.9
1097.8
856.2
