0.002187967300415039
0.0051152706146240234
0.013807296752929688
0.0025920867919921875
0.002737283706665039
0.0019164085388183594
0.009587764739990234
0.0028057098388671875
0.0028502941131591797
0.005577564239501953
0.004894256591796875
0.0038886070251464844
0.004772186279296875
0.00793004035949707
0.00958871841430664
0.006476879119873047
0.004638671875
0.0047740936279296875
0.0034580230712890625
0.005591392517089844
0.005784511566162109
0.015422344207763672
0.003415822982788086
0.006181240081787109
0.014271259307861328
0.00903773307800293
0.005658388137817383
0.0035452842712402344
0.006821393966674805
0.0031325817108154297
0.002229928970336914
0.011793375015258789
0.008449792861938477
0.007803678512573242
0.008422374725341797
0.004046916961669922
0.005998849868774414
0.009339332580566406
0.0024726390838623047
0.01680445671081543
0.009320497512817383
0.003715038299560547
0.009066343307495117
0.008462905883789062
0.008481502532958984
0.007043600082397461
0.00430750846862793
0.016771316528320312
0.018852949142456055
0.00897526741027832
0.010539770126342773
0.003877401351928711
0.008436203002929688
0.0051653385162353516
0.007931232452392578
0.005848407745361328
0.006427764892578125
0.014300823211669922
0.006184816360473633
0.007499217987060547
0.0076329708099365234
0.006441593170166016
0.007423877716064453
0.0030269622802734375
0.007429361343383789
0.007604360580444336
0.00859975814819336
0.019356966018676758
0.0039653778076171875
0.006352663040161133
0.005858421325683594
0.007518768310546875
0.0038111209869384766
0.0027277469635009766
0.0069124698638916016
0.005711555480957031
0.029001474380493164
0.008523225784301758
0.012147188186645508
0.003952503204345703
0.006673336029052734
0.004575967788696289
0.020633220672607422
0.016201257705688477
0.007194042205810547
0.0038695335388183594
0.006323099136352539
0.002510547637939453
0.002390623092651367
0.012132644653320312
0.003172636032104492
0.0060498714447021484
0.0032510757446289062
0.010150432586669922
0.004786014556884766
0.007997512817382812
0.0027971267700195312
0.0029048919677734375
0.0045244693756103516
0.010894298553466797
0.007236480712890625
0.009282588958740234
