654.9
597.9
651.0
656.7
612.4
684.1
678.8
649.3
608.0
622.0
620.9
662.2
694.9
649.1
646.9
649.5
665.2
659.8
662.4
612.9
575.5
644.5
647.7
610.2
629.1
624.8
711.6
723.8
685.8
626.9
611.9
623.2
689.2
648.0
628.4
618.3
676.4
634.6
651.6
617.3
656.9
629.0
668.8
636.6
669.4
644.4
648.8
641.3
624.3
677.2
628.8
650.1
664.2
679.4
665.5
655.3
638.7
573.7
627.5
642.7
657.1
661.8
660.1
627.2
654.8
618.1
617.9
617.7
604.9
638.5
643.2
728.2
654.9
637.4
621.9
663.2
621.1
725.5
662.5
695.0
694.9
651.2
642.1
615.9
699.2
625.1
649.9
626.6
695.6
644.6
649.0
635.1
617.3
634.7
649.1
722.1
638.1
659.0
628.2
645.0
678.6
631.2
