1.5252931118011475
1.6843008995056152
1.4300317764282227
0.9501204490661621
1.8173305988311768
0.8200149536132812
1.0871071815490723
1.8279900550842285
1.827134132385254
1.819850206375122
1.6876723766326904
1.0147309303283691
0.9626085758209229
1.3649275302886963
1.6307260990142822
1.5086708068847656
1.7063014507293701
1.445805549621582
1.0355238914489746
1.6250834465026855
1.9650194644927979
2.3662521839141846
1.4482078552246094
2.6237826347351074
1.8534328937530518
1.4948718547821045
0.9527475833892822
0.7293746471405029
1.1080543994903564
1.3254752159118652
1.8873960971832275
1.551565408706665
0.973560094833374
1.459911584854126
1.6056268215179443
1.1691851615905762
0.8293333053588867
1.2101836204528809
1.1939358711242676
1.8352022171020508
1.8098819255828857
1.2003026008605957
1.1168959140777588
1.1074042320251465
1.2428576946258545
1.545578956604004
1.3870034217834473
1.584315299987793
1.5135424137115479
0.9007360935211182
1.2181451320648193
1.494990587234497
1.2375109195709229
1.0185344219207764
1.0336782932281494
0.9048061370849609
1.6299479007720947
1.8128564357757568
1.376882553100586
1.9929695129394531
1.2934002876281738
1.050126075744629
1.0754337310791016
1.3599536418914795
1.3241126537322998
1.538649320602417
1.2379238605499268
1.8696720600128174
1.5506985187530518
1.5503840446472168
1.323089361190796
0.8156578540802002
1.245875358581543
1.7587649822235107
2.0261306762695312
1.0960850715637207
1.4860568046569824
0.763608455657959
1.1652958393096924
0.93666672706604
0.9381146430969238
1.5386512279510498
1.3237390518188477
1.321641445159912
0.856633186340332
1.3822166919708252
1.2385687828063965
1.5591251850128174
0.9414956569671631
1.1945161819458008
0.9830102920532227
1.4784214496612549
1.169621229171753
1.2303392887115479
1.0443737506866455
0.6563220024108887
1.46059250831604
1.2124276161193848
2.077139377593994
1.2868235111236572
0.997593879699707
1.2927508354187012
