597.3
591.5
605.8
583.3
585.6
645.7
615.4
607.2
574.6
603.1
604.6
636.6
629.9
609.9
601.0
597.1
601.5
608.3
634.1
611.3
585.9
597.9
601.7
607.3
588.8
615.3
641.2
639.7
630.7
626.8
588.6
605.3
619.0
601.4
602.2
618.4
641.3
618.7
619.1
596.6
606.2
606.0
626.3
620.9
628.5
611.9
618.4
583.2
606.4
638.9
618.8
610.2
621.6
622.0
631.8
648.2
600.5
605.1
624.4
600.0
603.7
617.1
623.8
609.7
613.8
620.6
633.2
597.6
619.8
595.5
617.2
637.5
618.6
602.3
612.9
628.9
586.8
647.7
616.4
621.4
622.5
613.4
600.4
610.0
636.6
614.4
634.4
614.0
634.2
611.6
644.6
595.8
623.1
627.3
628.9
652.4
626.8
613.3
593.8
621.4
625.2
631.8
