0.20419788360595703
0.20113325119018555
0.19637322425842285
0.21765637397766113
0.20992732048034668
0.18578433990478516
0.19007587432861328
0.20087099075317383
0.2087845802307129
0.21216893196105957
0.20007729530334473
0.18683576583862305
0.19361662864685059
0.19666385650634766
0.2046051025390625
0.20090246200561523
0.20611166954040527
0.19723200798034668
0.1891932487487793
0.19950151443481445
0.20474529266357422
0.1973106861114502
0.20269465446472168
0.20079946517944336
0.20203924179077148
0.19658303260803223
0.19019365310668945
0.18598031997680664
0.1981348991394043
0.1929926872253418
0.20380878448486328
0.19983744621276855
0.18893885612487793
0.19449448585510254
0.2008657455444336
0.19076323509216309
0.18549561500549316
0.19228458404541016
0.1937694549560547
0.20946097373962402
0.21274328231811523
0.20458388328552246
0.19950127601623535
0.18998289108276367
0.19087815284729004
0.19934892654418945
0.19723224639892578
0.1988532543182373
0.19784259796142578
0.18933629989624023
0.1922450065612793
0.19989705085754395
0.1946096420288086
0.18805932998657227
0.18830466270446777
0.1866288185119629
0.19973540306091309
0.19825983047485352
0.19534659385681152
0.20161008834838867
0.2136242389678955
0.1927790641784668
0.19712162017822266
0.19514036178588867
0.1954493522644043
0.20136404037475586
0.19105076789855957
0.20576858520507812
0.19518184661865234
0.20478343963623047
0.1959676742553711
0.18974733352661133
0.19067049026489258
0.2075028419494629
0.20551538467407227
0.19231843948364258
0.20101618766784668
0.1898345947265625
0.19623160362243652
0.20916008949279785
0.195908784866333
0.20043158531188965
0.1997847557067871
0.1966102123260498
0.19469118118286133
0.1919872760772705
0.19067668914794922
0.1986229419708252
0.19388389587402344
0.19452905654907227
0.19075727462768555
0.19631242752075195
0.19408702850341797
0.19282960891723633
0.19071316719055176
0.19150853157043457
0.19616389274597168
0.19886541366577148
0.208784818649292
0.19465160369873047
0.19828200340270996
0.19462203979492188
