706.7
701.4
739.5
748.7
717.6
751.6
748.3
718.5
742.4
722.5
726.3
750.3
756.9
744.8
729.1
740.4
729.7
729.7
753.9
734.5
713.4
742.6
732.3
732.1
726.5
732.4
749.8
755.7
751.3
748.6
717.2
728.5
750.7
740.3
722.1
750.1
751.0
753.3
742.9
723.9
740.6
749.1
744.7
750.8
744.6
728.4
742.3
729.3
740.8
752.2
749.6
735.6
734.5
752.6
742.6
750.8
733.0
725.5
734.7
747.3
724.8
749.1
748.6
720.6
733.3
730.2
742.6
724.0
737.4
733.5
735.1
746.6
740.6
727.6
737.5
745.6
727.3
757.4
738.3
745.0
750.4
725.0
743.8
749.0
750.9
747.6
745.0
736.8
756.6
744.5
753.6
723.3
759.2
739.3
748.1
761.8
735.9
752.1
740.9
733.8
748.0
741.7
