0.5729610919952393
0.5830667018890381
0.5449187755584717
0.5328648090362549
0.5559792518615723
0.5267956256866455
0.5291173458099365
0.5580213069915771
0.5656371116638184
0.5508120059967041
0.5465047359466553
0.529059648513794
0.5297465324401855
0.5369794368743896
0.5485837459564209
0.5645384788513184
0.5494863986968994
0.5467493534088135
0.5318078994750977
0.5390572547912598
0.5592029094696045
0.5345368385314941
0.563927173614502
0.5381529331207275
0.5505356788635254
0.5501532554626465
0.5347385406494141
0.5265791416168213
0.5336904525756836
0.5529522895812988
0.5534622669219971
0.5476281642913818
0.5301036834716797
0.5483269691467285
0.549715518951416
0.5318386554718018
0.56317138671875
0.5335390567779541
0.5424249172210693
0.5566210746765137
0.5508279800415039
0.5365710258483887
0.5356860160827637
0.5446434020996094
0.5411767959594727
0.5449366569519043
0.544182538986206
0.5469956398010254
0.5412347316741943
0.5277009010314941
0.5469088554382324
0.542313814163208
0.5431208610534668
0.5341250896453857
0.5372424125671387
0.5273730754852295
0.5497357845306396
0.5664281845092773
0.5375933647155762
0.5431869029998779
0.5462868213653564
0.5338916778564453
0.5315849781036377
0.5494565963745117
0.5576813220977783
0.5476865768432617
0.533191442489624
0.5606870651245117
0.5396304130554199
0.5452544689178467
0.5399661064147949
0.547783374786377
0.544069766998291
0.5524311065673828
0.5477747917175293
0.5377166271209717
0.5457520484924316
0.5214505195617676
0.5823521614074707
0.5327725410461426
0.5315980911254883
0.5447995662689209
0.5404212474822998
0.5325968265533447
0.5312671661376953
0.557715654373169
0.5368425846099854
0.5441622734069824
0.5286157131195068
0.538538932800293
0.5413320064544678
0.5460524559020996
0.5491540431976318
0.5410146713256836
0.5306298732757568
0.5223371982574463
0.5421404838562012
0.5530247688293457
0.5520062446594238
0.5682172775268555
0.5373573303222656
0.5432305335998535
