1000.1
996.8
1020.8
1001.2
967.5
1015.2
1004.3
996.8
1008.4
986.2
1030.7
1000.6
998.2
997.0
1009.7
966.7
998.6
991.0
990.8
994.2
988.2
995.3
994.7
994.8
1012.4
984.2
1003.8
988.4
1038.4
994.1
999.5
1010.3
988.7
1023.0
984.0
985.9
1033.8
990.9
1000.2
1013.2
982.1
1036.9
993.3
979.7
995.8
974.7
1027.5
987.5
1011.2
1021.0
993.1
997.8
1016.8
1006.9
982.1
995.9
1019.9
977.0
1007.4
993.9
1001.7
1019.9
1007.0
1011.6
1007.4
1003.6
999.2
980.2
1018.9
965.5
1007.1
1004.4
1008.2
989.3
1036.2
984.7
994.8
1040.5
967.8
999.0
992.2
1026.3
1004.8
973.7
1007.4
995.8
980.8
989.8
1026.2
1008.1
969.0
986.4
999.1
984.0
998.2
1004.3
1015.9
985.9
1004.5
987.0
1009.4
1003.2
