1348.2
1345.9
1349.5
1286.8
1370.3
1383.4
1382.3
1194.8
1209.4
817.4
1199.7
1400.6
1122.1
1393.9
1384.9
1379.7
1103.6
1095.9
1141.9
1094.9
1193.9
1281.5
1463.1
1275.7
1369.7
1367.9
1366.0
1379.5
1368.8
1390.7
1208.3
1392.7
1306.8
775.7
1290.1
1214.2
1105.7
1102.0
1116.5
1388.6
1383.1
1169.5
1370.5
1380.7
1189.9
1182.2
1189.7
1283.4
809.4
719.4
1172.9
1263.9
1189.9
1344.6
1141.4
1294.9
828.5
1126.3
1189.6
1388.5
1298.0
1288.4
1362.5
1373.4
1370.1
1365.7
1297.9
1279.7
1269.5
1097.3
1410.4
1293.6
1313.1
1405.1
1504.2
1293.6
1167.1
1238.4
1176.9
1192.7
1282.8
1374.7
1226.1
1072.3
1190.7
721.7
1190.4
1396.8
1403.4
1376.4
1252.8
759.1
1220.6
1197.8
1195.7
1184.9
1366.5
1276.8
1343.5
1349.9
806.7
1160.0
1076.8
1186.5
1121.5
784.1
1226.8
714.7
1022.8
1167.4
1189.3
1164.0
1296.3
1367.1
1367.3
1361.9
1360.7
1354.1
1244.2
1189.0
803.7
718.5
1176.0
1079.1
1365.2
1357.5
1222.1
1356.7
1356.0
1366.3
1358.5
1288.0
1207.0
1458.6
767.4
1100.7
1202.9
1119.7
1401.5
1390.9
1399.4
1147.2
1237.8
1383.2
1372.9
1288.9
1208.7
1113.6
1481.7
1192.5
1390.4
1391.0
1382.8
1397.7
1298.9
1200.6
1195.5
1383.2
1363.4
1180.4
1182.2
1085.1
716.6
1080.0
1272.2
1370.8
1356.2
1362.0
1267.2
1092.4
1100.6
1364.2
1361.2
1359.6
1368.6
1369.2
1363.8
1369.4
1244.2
1360.9
1353.6
1365.9
1338.4
818.0
1155.6
1353.2
1355.3
1357.9
1355.9
1344.3
1338.8
1351.4
1361.0
1439.6
1367.5
1361.7
1378.2
1366.9
759.8
1074.7
1174.9
1265.7
1353.1
1359.7
1184.7
1179.8
1359.9
1188.9
1194.3
1361.7
1360.3
1374.6
1366.2
1367.3
1366.5
1384.4
1280.5
1358.0
760.6
1259.7
1367.3
1358.6
1091.3
1089.2
1084.8
1346.4
1370.5
1359.8
1359.3
1350.0
1359.4
1360.6
1365.8
1356.8
1276.2
1285.7
1375.5
1274.6
1178.7
1369.7
1363.1
1356.4
1292.8
1349.4
1353.9
1357.3
1361.8
1357.0
1361.0
1451.2
763.6
1082.4
1093.6
1088.9
1093.4
1185.2
1182.9
761.3
1080.9
1354.5
1362.0
1104.4
1366.7
1368.9
1363.6
1365.6
1359.3
1346.9
837.1
1085.2
1190.9
1362.0
1333.0
1190.1
1182.6
1379.7
1183.1
1186.8
1387.8
1366.8
1369.8
1154.5
1181.4
1378.2
1476.0
1193.4
1159.5
1349.5
1356.5
1351.7
954.2
974.5
1045.7
1189.0
1143.9
1189.9
996.4
748.2
1255.0
1400.2
1403.5
1112.5
862.3
1104.3
1372.8
1367.3
