0.011046648025512695
0.011068582534790039
0.01103973388671875
0.010803699493408203
0.01086878776550293
0.010769367218017578
0.01077580451965332
0.010814666748046875
0.010673046112060547
0.021945714950561523
0.01076054573059082
0.0106353759765625
0.010620832443237305
0.010683774948120117
0.010753870010375977
0.01079869270324707
0.01079702377319336
0.010871648788452148
0.011311531066894531
0.01088261604309082
0.01081228256225586
0.010845661163330078
0.010855436325073242
0.010895013809204102
0.01087641716003418
0.010891199111938477
0.010901689529418945
0.010799884796142578
0.010878801345825195
0.010712385177612305
0.010688304901123047
0.010698556900024414
0.011401653289794922
0.021840333938598633
0.010776519775390625
0.010635137557983398
0.010777711868286133
0.010809898376464844
0.010671377182006836
0.010737419128417969
0.010775089263916016
0.015316486358642578
0.010870218276977539
0.010788202285766602
0.010852813720703125
0.010915279388427734
0.010852575302124023
0.010820150375366211
0.022151470184326172
0.02356243133544922
0.01100468635559082
0.011802911758422852
0.017577648162841797
0.011087656021118164
0.01657843589782715
0.010747432708740234
0.021661758422851562
0.015919923782348633
0.010875463485717773
0.01073455810546875
0.010711908340454102
0.010792016983032227
0.010931968688964844
0.010848045349121094
0.010872125625610352
0.010908842086791992
0.010712385177612305
0.01085805892944336
0.010962247848510742
0.012684345245361328
0.011272668838500977
0.010750770568847656
0.010586738586425781
0.010601282119750977
0.010565757751464844
0.01074838638305664
0.01022791862487793
0.011239767074584961
0.01096963882446289
0.010820865631103516
0.010837078094482422
0.01083683967590332
0.016234874725341797
0.011116743087768555
0.010843038558959961
0.022092342376708984
0.010844707489013672
0.010666131973266602
0.010615825653076172
0.010827064514160156
0.011097192764282227
0.022328615188598633
0.010591268539428711
0.010778427124023438
0.010799407958984375
0.010872602462768555
0.010901927947998047
0.01089024543762207
0.011088132858276367
0.011033773422241211
0.022235393524169922
0.011127948760986328
0.012935400009155273
0.015102148056030273
0.011521339416503906
0.02927231788635254
0.011338233947753906
0.02230691909790039
0.016556501388549805
0.016209125518798828
0.01590418815612793
0.01109457015991211
0.01149749755859375
0.01089787483215332
0.010896682739257812
0.010940790176391602
0.010949850082397461
0.011008977890014648
0.011982917785644531
0.010859966278076172
0.022310972213745117
0.0221860408782959
0.010979890823364258
0.01103830337524414
0.010909795761108398
0.010973691940307617
0.011378765106201172
0.01097726821899414
0.01098489761352539
0.010901451110839844
0.010964155197143555
0.010803699493408203
0.010700225830078125
0.010905265808105469
0.022075414657592773
0.010822296142578125
0.010730266571044922
0.010641098022460938
0.010630369186401367
0.010710954666137695
0.010653495788574219
0.011261463165283203
0.012051582336425781
0.010772705078125
0.0108642578125
0.010790109634399414
0.010680198669433594
0.010709762573242188
0.010730266571044922
0.010827302932739258
0.010715007781982422
0.010714292526245117
0.010775566101074219
0.010659933090209961
0.010704994201660156
0.010760068893432617
0.010801553726196289
0.010768651962280273
0.01092672348022461
0.010934114456176758
0.01092076301574707
0.010980367660522461
0.02223825454711914
0.011038780212402344
0.010925531387329102
0.010866641998291016
0.010984420776367188
0.010936498641967773
0.010967016220092773
0.010909080505371094
0.010828733444213867
0.010917186737060547
0.01094365119934082
0.010956287384033203
0.010889530181884766
0.010881662368774414
0.010925054550170898
0.010878801345825195
0.011175870895385742
0.010946035385131836
0.011003971099853516
0.010907411575317383
0.011146068572998047
0.028032302856445312
0.011170625686645508
0.011006355285644531
0.010993003845214844
0.010972261428833008
0.01098775863647461
0.011087894439697266
0.011127710342407227
0.011024236679077148
0.010947465896606445
0.011039257049560547
0.01089930534362793
0.010936975479125977
0.010809659957885742
0.010899066925048828
0.022272348403930664
0.011088132858276367
0.010988235473632812
0.010985374450683594
0.011011600494384766
0.010954618453979492
0.01089167594909668
0.010942459106445312
0.010953664779663086
0.010855436325073242
0.010808467864990234
0.010938882827758789
0.010949373245239258
0.010835886001586914
0.010904312133789062
0.010892152786254883
0.010900020599365234
0.010760784149169922
0.010855913162231445
0.010967493057250977
0.022270679473876953
0.011034488677978516
0.010901212692260742
0.010963678359985352
0.010920286178588867
0.010941505432128906
0.010984182357788086
0.011063814163208008
0.010867834091186523
0.010953187942504883
0.010956764221191406
0.011031866073608398
0.01095890998840332
0.010949850082397461
0.010905981063842773
0.010985612869262695
0.010886907577514648
0.010820627212524414
0.010829448699951172
0.010906219482421875
0.010952472686767578
0.010882377624511719
0.010926961898803711
0.010977983474731445
0.013074398040771484
0.011039257049560547
0.01100301742553711
0.010975837707519531
0.010939359664916992
0.01097559928894043
0.010943889617919922
0.01094961166381836
0.022182941436767578
0.011008262634277344
0.010896444320678711
0.010943174362182617
0.010898590087890625
0.01089024543762207
0.010909318923950195
0.022255897521972656
0.011019229888916016
0.010997295379638672
0.010935783386230469
0.010790824890136719
0.010896444320678711
0.010877132415771484
0.010924577713012695
0.010908126831054688
0.010968685150146484
0.011058568954467773
0.021442651748657227
0.010086774826049805
0.01002359390258789
0.010226011276245117
0.010455846786499023
0.010031700134277344
0.01009511947631836
0.01009678840637207
0.010091066360473633
0.010061264038085938
0.010036230087280273
0.010186910629272461
0.010167598724365234
0.010343790054321289
0.010074377059936523
0.010106086730957031
0.01011347770690918
0.010004520416259766
0.010284185409545898
0.011039972305297852
0.010979413986206055
0.011020421981811523
0.028228044509887695
0.016360998153686523
0.012368917465209961
0.0167539119720459
0.016558408737182617
0.012553930282592773
0.02600836753845215
0.023984432220458984
0.011080741882324219
0.010638952255249023
0.010615825653076172
0.010725021362304688
0.021956682205200195
0.01079106330871582
0.010850191116333008
0.010895013809204102
