0.08796143531799316
0.0882425308227539
0.09010720252990723
0.08786940574645996
0.09506464004516602
0.09059953689575195
0.0945742130279541
0.0882573127746582
0.0882411003112793
0.09732413291931152
0.08826804161071777
0.0879220962524414
0.09212422370910645
0.08924317359924316
0.09505319595336914
0.08997321128845215
0.08809971809387207
0.0887758731842041
0.08879375457763672
0.08849406242370605
0.08902716636657715
0.09240388870239258
0.08844661712646484
0.08843302726745605
0.09082722663879395
0.08939194679260254
0.08864164352416992
0.08799982070922852
0.08857488632202148
0.08950448036193848
0.08801746368408203
0.09005188941955566
0.09505534172058105
0.08893394470214844
0.08941149711608887
0.08820033073425293
0.08896660804748535
0.08979487419128418
0.08795809745788574
0.09077882766723633
0.08958268165588379
0.08870744705200195
0.08856797218322754
0.08878421783447266
0.0883491039276123
0.08923101425170898
0.09825897216796875
0.0931403636932373
0.09095382690429688
0.08910870552062988
0.0895988941192627
0.08817267417907715
0.08947610855102539
0.08837175369262695
0.08958125114440918
0.09135246276855469
0.09116530418395996
0.09309887886047363
0.09130120277404785
0.09254312515258789
0.09182381629943848
0.09116482734680176
0.09133744239807129
0.09092450141906738
0.09130549430847168
0.09165072441101074
0.09205031394958496
0.09282064437866211
0.09810328483581543
0.09111762046813965
0.09132695198059082
0.09157538414001465
0.0882563591003418
0.08791422843933105
0.08876538276672363
0.08933854103088379
0.09246039390563965
0.08935093879699707
0.0898745059967041
0.08804774284362793
0.08866524696350098
0.09351325035095215
0.09154176712036133
0.09035229682922363
0.08832001686096191
0.08835101127624512
0.09377360343933105
0.11716866493225098
0.09352445602416992
0.09022212028503418
0.08769869804382324
0.08817243576049805
0.08805441856384277
0.08941340446472168
0.0881354808807373
0.09058666229248047
0.09053587913513184
0.09025287628173828
0.09056615829467773
0.09217500686645508
0.09111738204956055
0.09166455268859863
