639.3
628.9
669.5
671.5
591.7
706.3
645.8
601.6
628.5
614.0
604.5
700.3
699.7
610.3
613.1
645.0
606.7
633.5
627.0
627.4
628.7
646.1
610.1
669.5
665.9
604.5
707.7
622.0
611.6
669.7
628.6
638.4
635.0
613.2
666.5
725.2
724.2
669.4
675.9
619.0
634.2
676.7
655.5
641.2
649.0
594.9
620.2
644.9
640.8
715.6
630.1
618.7
660.0
660.1
678.8
661.9
595.3
642.3
646.6
617.1
630.7
634.5
674.5
649.8
658.3
608.0
652.0
622.8
643.3
620.3
636.4
746.2
631.9
622.4
602.8
669.3
618.2
676.6
689.6
644.3
591.8
593.8
615.0
651.3
702.5
596.4
618.3
646.6
622.6
612.9
705.9
636.6
635.6
652.9
701.6
722.5
633.9
643.9
610.3
644.4
640.8
579.0
