1.5906493663787842
1.644113302230835
1.3561546802520752
0.9157459735870361
1.9333727359771729
0.7743370532989502
1.1953063011169434
2.039503574371338
1.6498284339904785
1.861649751663208
1.7468373775482178
0.896697998046875
0.9560689926147461
1.4844238758087158
1.7434804439544678
1.5270471572875977
2.023866891860962
1.5627140998840332
1.1546900272369385
1.507838249206543
1.8037137985229492
2.2827095985412598
1.6143770217895508
2.286787748336792
1.6893320083618164
1.5432536602020264
0.8957569599151611
0.917891263961792
1.2998278141021729
1.1541948318481445
1.7816028594970703
1.5099265575408936
1.103949785232544
1.5768980979919434
1.4717333316802979
0.9940903186798096
0.7331664562225342
1.1069700717926025
1.1538984775543213
1.8820476531982422
1.9000866413116455
1.0639150142669678
1.2218937873840332
1.0776219367980957
1.3311569690704346
1.6741578578948975
1.5574967861175537
1.5319750308990479
1.4497835636138916
0.797842264175415
1.1791446208953857
1.5952515602111816
1.2423067092895508
1.0724396705627441
1.0783276557922363
0.9018306732177734
1.8142681121826172
1.5863456726074219
1.3252778053283691
2.0806515216827393
1.352494716644287
1.0841810703277588
1.0762660503387451
1.2772297859191895
1.2986857891082764
1.5969979763031006
1.1242053508758545
1.7837214469909668
1.4237935543060303
1.612015962600708
1.3072435855865479
0.7772417068481445
1.3845360279083252
1.7430975437164307
2.0786092281341553
1.1325206756591797
1.5059070587158203
0.8216910362243652
1.1004841327667236
1.119044303894043
1.218146800994873
1.726210355758667
1.4160852432250977
1.1960980892181396
0.8554441928863525
1.4754276275634766
1.2921082973480225
1.490720272064209
1.1257927417755127
1.284043312072754
0.8541908264160156
1.5206282138824463
1.120070219039917
1.20684814453125
0.9506447315216064
0.6283214092254639
1.4858849048614502
1.3075439929962158
2.17594838142395
1.194828987121582
1.135908842086792
1.492051362991333
