850.1
864.6
1101.3
819.2
856.6
1351.1
990.5
1309.7
1127.3
898.1
982.1
1116.1
1086.6
871.9
1023.7
1057.0
1061.8
846.3
1129.1
989.3
1082.3
1056.8
617.0
1083.9
1063.5
1033.7
884.6
979.1
1036.3
1060.6
1022.8
949.0
973.5
838.9
1168.1
963.9
806.5
1054.1
1199.9
1030.0
1053.1
637.6
1002.4
1215.7
957.7
819.3
1239.5
995.0
988.3
1241.6
951.3
1023.3
961.1
928.8
985.2
815.4
1135.9
917.4
1184.2
1158.2
917.0
1243.6
826.8
876.7
1046.4
1226.7
779.5
937.5
1145.6
823.1
1161.9
930.9
1133.6
867.2
1033.2
1024.2
1019.8
1027.0
1083.5
994.5
1005.0
905.3
989.3
1011.6
949.7
1119.0
1117.3
1185.3
1227.9
928.9
1279.5
801.6
1334.5
1018.4
884.9
1131.4
688.9
1169.5
891.5
1074.0
971.5
1146.1
