0.004631757736206055
0.012631416320800781
0.03713655471801758
0.008458852767944336
0.009248495101928711
0.005839109420776367
0.020097732543945312
0.006020307540893555
0.007012128829956055
0.008856534957885742
0.008102655410766602
0.007119178771972656
0.00731658935546875
0.01485896110534668
0.018506526947021484
0.011299371719360352
0.007482767105102539
0.009397268295288086
0.007036447525024414
0.008034706115722656
0.011036872863769531
0.03400921821594238
0.006430149078369141
0.011016607284545898
0.030031204223632812
0.015427350997924805
0.010117530822753906
0.008120059967041016
0.014420747756958008
0.00748896598815918
0.0038678646087646484
0.026286602020263672
0.01638174057006836
0.014250755310058594
0.017065763473510742
0.008245229721069336
0.009864568710327148
0.018915891647338867
0.0032913684844970703
0.03490304946899414
0.018934965133666992
0.006227731704711914
0.01291656494140625
0.012283802032470703
0.01247406005859375
0.009708881378173828
0.006403923034667969
0.028094053268432617
0.03332185745239258
0.012832164764404297
0.019915103912353516
0.007764101028442383
0.016598224639892578
0.008558034896850586
0.01313638687133789
0.009755373001098633
0.010510683059692383
0.03482484817504883
0.010077714920043945
0.013759136199951172
0.013030767440795898
0.010389328002929688
0.013249397277832031
0.005652904510498047
0.011413812637329102
0.012986898422241211
0.015338659286499023
0.04259300231933594
0.012997865676879883
0.014509439468383789
0.010270833969116211
0.012836217880249023
0.006999969482421875
0.004567384719848633
0.011556148529052734
0.011658906936645508
0.05583453178405762
0.015523433685302734
0.02578449249267578
0.007988452911376953
0.011883735656738281
0.008783578872680664
0.040376901626586914
0.03157663345336914
0.012577295303344727
0.007090091705322266
0.010683298110961914
0.003331422805786133
0.0032188892364501953
0.02578139305114746
0.006201744079589844
0.009929180145263672
0.00594639778137207
0.019582271575927734
0.008983612060546875
0.014095783233642578
0.005751132965087891
0.0033752918243408203
0.008918046951293945
0.022289037704467773
0.012297868728637695
0.01739668846130371
