1118.2
1109.0
1124.7
1107.7
1112.8
1117.1
1118.9
1112.2
1118.3
1094.2
1116.7
1114.1
1101.8
1110.1
1100.2
1107.6
1092.9
1108.0
1097.2
1111.3
1095.0
1105.3
1101.2
1092.7
1109.8
1090.7
1094.2
1096.3
1108.7
1102.8
1097.8
1107.4
1082.1
1092.0
1096.6
1096.0
1111.3
1097.7
1112.4
1095.4
1101.3
1108.8
1090.9
1102.0
1098.1
1096.9
1103.9
1096.1
1109.9
1099.1
1097.5
1099.1
1091.5
1099.6
1103.2
1121.2
1085.5
1102.8
1106.6
1110.6
1087.7
1100.7
1097.9
1101.8
1102.5
1099.9
1100.1
1112.1
1095.2
1096.2
1106.1
1095.9
1104.9
1093.3
1092.7
1123.5
1116.3
1127.2
1126.7
1108.1
1108.7
1124.3
1106.3
1122.5
1124.6
1105.1
1127.1
1109.8
1112.7
1119.1
1116.2
1103.9
1106.8
1126.8
1109.9
1118.0
1121.0
1108.2
1116.0
1113.2
1103.3
1127.4
