0.19135022163391113
0.19203472137451172
0.19554591178894043
0.1922757625579834
0.19588494300842285
0.19512414932250977
0.19569635391235352
0.19504618644714355
0.19491791725158691
0.19463872909545898
0.20147037506103516
0.19922542572021484
0.2104814052581787
0.22245168685913086
0.22354674339294434
0.21844077110290527
0.22138214111328125
0.21561312675476074
0.21960806846618652
0.22222495079040527
0.22095417976379395
0.22247910499572754
0.2197258472442627
0.22142744064331055
0.22252464294433594
0.22182536125183105
0.22016477584838867
0.21796607971191406
0.21732592582702637
0.21577739715576172
0.21944713592529297
0.21939468383789062
0.20787668228149414
0.22065258026123047
0.21790146827697754
0.21979212760925293
0.21862339973449707
0.21951007843017578
0.21749424934387207
0.21809935569763184
0.22333669662475586
0.21821284294128418
0.22179055213928223
0.21683216094970703
0.221205472946167
0.22057628631591797
0.21827459335327148
0.22165179252624512
0.22156143188476562
0.22104239463806152
0.21042776107788086
0.21922802925109863
0.21800637245178223
0.21907758712768555
0.2202155590057373
0.21223807334899902
0.21829581260681152
0.22030973434448242
0.21858978271484375
0.22145652770996094
0.21877050399780273
0.20619654655456543
0.22308588027954102
0.21506500244140625
0.22035837173461914
0.21998167037963867
0.22085094451904297
0.2211153507232666
0.2181861400604248
0.21980905532836914
0.2187492847442627
0.2207334041595459
0.21808433532714844
0.21764421463012695
0.206787109375
0.19134092330932617
0.19254183769226074
0.19072175025939941
0.19080591201782227
0.18949627876281738
0.20741796493530273
0.19295406341552734
0.19521379470825195
0.19419074058532715
0.19205021858215332
0.1891019344329834
0.18892836570739746
0.18919897079467773
0.18870162963867188
0.19209074974060059
0.18811821937561035
0.19293522834777832
0.18968701362609863
0.19432663917541504
0.19188499450683594
0.1922767162322998
0.18997931480407715
0.19034481048583984
0.19173073768615723
0.1967027187347412
0.19485068321228027
0.19067740440368652
