975.8
1025.5
1025.6
974.7
1032.6
976.8
1021.8
973.4
1054.4
962.5
1044.1
973.2
1049.4
1017.0
951.0
950.2
1048.2
952.4
1052.8
957.2
1032.8
1041.0
971.0
1039.1
969.0
1015.1
959.9
966.1
1025.3
973.7
1052.6
989.1
1023.3
943.6
1015.8
1054.2
967.1
1014.6
1022.6
931.0
1100.2
941.9
1022.4
959.1
998.4
1069.8
1014.3
939.8
1019.3
992.3
1109.5
930.1
977.8
1118.4
991.1
970.3
999.5
1069.8
948.4
988.6
995.1
1001.5
1104.1
873.1
1001.6
929.3
978.0
1076.7
1017.9
933.3
1009.4
982.6
1035.6
978.2
1092.3
964.6
1041.5
968.0
1037.7
979.6
1000.3
1006.3
1006.5
966.4
996.9
1001.6
1061.2
984.5
1022.2
965.8
1006.9
1008.5
980.2
1028.0
1015.2
991.2
946.3
1020.0
1000.8
959.9
1074.3
975.0
