1087.1
1188.9
1126.4
1368.3
1175.7
1338.3
780.1
799.2
1081.5
1205.2
1105.9
1194.8
801.8
1161.5
1077.5
1136.0
1485.9
1194.2
1356.1
1475.9
1173.6
1216.7
760.2
1269.0
1262.9
1368.6
1359.8
1371.5
1362.0
1213.5
1367.7
1360.8
1185.5
1185.4
1173.6
1096.7
1362.7
1092.0
1369.9
1366.3
1348.2
733.1
1045.5
1109.2
1196.8
1397.5
1396.1
1384.3
1386.9
1387.6
1381.3
1376.2
1267.8
1390.6
1362.1
1368.5
1367.4
1083.6
1372.9
1369.0
1363.9
1358.5
1346.9
1371.7
1355.9
1372.4
1377.0
1381.0
1305.4
785.7
718.3
1105.7
1396.1
1304.1
1379.4
879.8
1088.9
1115.2
1382.3
1204.5
1174.6
1075.1
1183.7
1147.5
1091.8
1362.2
1369.1
1346.0
1482.4
1385.2
1304.9
1121.2
1369.3
1185.2
1188.4
1180.0
1297.2
1194.9
689.1
1170.1
1338.3
1347.1
1373.9
1364.8
1353.4
825.8
1260.3
1098.6
1447.5
1085.3
1359.6
1349.5
1387.5
1375.0
1382.0
1362.2
1376.1
1294.6
1382.6
1382.7
1401.2
1280.2
1391.5
1392.4
1393.6
757.7
668.5
692.7
1082.6
767.3
1034.3
1279.4
1371.1
1098.9
1186.5
1185.5
1194.9
1086.2
1367.0
1184.2
1372.1
1367.3
1291.1
1188.3
1099.7
1090.0
1186.4
1092.7
1376.2
1092.9
1240.2
1368.5
1276.7
1279.2
852.9
1192.2
1392.0
1409.1
1207.3
1399.3
1488.8
1115.6
1026.0
1123.8
1392.0
1399.3
1265.8
1391.4
1396.2
1213.4
1391.1
1363.7
813.3
1002.2
750.4
1153.4
1269.5
1369.6
1347.1
1359.7
1244.1
1176.9
1353.5
1264.6
1152.2
1150.6
1369.5
1429.9
1332.1
761.3
1247.2
1389.8
1381.4
904.4
1203.9
860.8
1078.2
872.3
729.3
756.1
1045.7
1224.6
1361.2
1365.2
1093.7
1911.2
1121.2
1741.6
1285.2
1450.5
1595.7
1171.8
1297.6
1170.4
1156.7
1646.0
1369.1
1726.1
1156.1
1363.4
1153.2
1080.1
1175.6
1959.2
1174.5
1136.5
1651.7
1141.8
1138.4
1913.5
1171.8
1367.8
1172.5
1176.8
1942.3
1326.5
1175.2
1170.6
1068.4
1366.7
1074.0
1479.6
857.7
1596.4
1147.7
1890.3
1172.7
1161.6
800.7
1280.8
1166.0
1881.0
955.3
1173.2
1161.7
1176.4
1178.1
1956.3
1174.8
1886.0
1142.9
1058.9
1780.0
1085.4
972.3
807.5
2048.4
1169.0
1224.7
1228.6
1236.0
1189.7
1227.8
2045.9
1170.1
1436.4
1222.8
1409.5
1843.4
1366.0
987.4
1797.5
1200.5
1232.6
1113.6
1232.9
1180.0
773.0
1068.6
1812.6
1404.2
825.2
837.8
1278.6
1122.5
1702.5
1119.1
935.4
735.8
904.7
1498.7
857.1
1124.1
1140.8
1205.1
1652.1
