0.010958671569824219
0.012542009353637695
0.010578632354736328
0.010178327560424805
0.010151863098144531
0.010399818420410156
0.022997140884399414
0.021202564239501953
0.015669822692871094
0.0165250301361084
0.017113208770751953
0.01082301139831543
0.022371768951416016
0.016291141510009766
0.01572704315185547
0.012269258499145508
0.010039329528808594
0.009994268417358398
0.010261297225952148
0.01011037826538086
0.010170221328735352
0.012271881103515625
0.022280216217041016
0.010955095291137695
0.01100921630859375
0.010885238647460938
0.010954618453979492
0.010860919952392578
0.010937690734863281
0.012285947799682617
0.010892152786254883
0.010947227478027344
0.01089024543762207
0.01089024543762207
0.010997772216796875
0.010865211486816406
0.010932683944702148
0.01091313362121582
0.01087045669555664
0.010895490646362305
0.011050701141357422
0.02310919761657715
0.017142295837402344
0.014347553253173828
0.010788679122924805
0.010658502578735352
0.010669231414794922
0.01076054573059082
0.010741710662841797
0.010736942291259766
0.01079249382019043
0.010825157165527344
0.011756420135498047
0.010715246200561523
0.010935783386230469
0.010885000228881836
0.010891437530517578
0.01100015640258789
0.010850667953491211
0.010882854461669922
0.010921001434326172
0.01096653938293457
0.011058807373046875
0.010860443115234375
0.010987997055053711
0.010856866836547852
0.010823249816894531
0.010784387588500977
0.010651826858520508
0.02156233787536621
0.022203922271728516
0.010779619216918945
0.01066446304321289
0.010662078857421875
0.010801076889038086
0.021531343460083008
0.010949373245239258
0.010674715042114258
0.010774850845336914
0.010719060897827148
0.010994911193847656
0.011084556579589844
0.012593984603881836
0.016466617584228516
0.01091456413269043
0.010932445526123047
0.01089334487915039
0.011063337326049805
0.010720252990722656
0.01075601577758789
0.010658025741577148
0.010628223419189453
0.010879039764404297
0.010890960693359375
0.010863065719604492
0.010941743850708008
0.013798713684082031
0.01415109634399414
0.023130416870117188
0.011057376861572266
0.011132478713989258
0.011059045791625977
0.010839223861694336
0.010915040969848633
0.011005401611328125
0.021720409393310547
0.011034011840820312
0.010849237442016602
0.010977745056152344
0.010980844497680664
0.010960102081298828
0.01103830337524414
0.010738134384155273
0.010837554931640625
0.010776281356811523
0.01094198226928711
0.010824918746948242
0.010738611221313477
0.010776042938232422
0.010774850845336914
0.010641813278198242
0.011650562286376953
0.010703802108764648
0.010702848434448242
0.010695457458496094
0.022348880767822266
0.023849010467529297
0.023020267486572266
0.011026144027709961
0.023398637771606445
0.010574102401733398
0.010866880416870117
0.010864019393920898
0.010840415954589844
0.010881423950195312
0.010887384414672852
0.01080322265625
0.010972976684570312
0.010904550552368164
0.010913848876953125
0.010851144790649414
0.010905265808105469
0.010768651962280273
0.0108642578125
0.01083683967590332
0.010933637619018555
0.010880708694458008
0.010908842086791992
0.010823726654052734
0.010903358459472656
0.012015104293823242
0.010885477066040039
0.010890007019042969
0.010869503021240234
0.022208690643310547
0.01083683967590332
0.010702371597290039
0.010564327239990234
0.010693550109863281
0.01064753532409668
0.010677814483642578
0.010684490203857422
0.010650634765625
0.010605573654174805
0.010705709457397461
0.01065683364868164
0.011784076690673828
0.010712146759033203
0.010669231414794922
0.010643243789672852
0.010712146759033203
0.010935783386230469
0.022055625915527344
0.01688981056213379
0.027904987335205078
0.010226964950561523
0.01018524169921875
0.01016688346862793
0.010339736938476562
0.010245084762573242
0.010395288467407227
0.01014089584350586
0.010288476943969727
0.011010885238647461
0.010358333587646484
0.010376691818237305
0.010167121887207031
0.010429859161376953
0.011183500289916992
0.023572921752929688
0.011152267456054688
0.01071786880493164
0.010795831680297852
0.025361061096191406
0.010739326477050781
0.0231630802154541
0.011054754257202148
0.044638872146606445
0.024598121643066406
0.022420883178710938
0.010470390319824219
0.01216745376586914
0.010938644409179688
0.010910987854003906
0.005411386489868164
0.005178689956665039
0.0052945613861083984
0.005110025405883789
0.0053784847259521484
0.0061419010162353516
0.005575418472290039
0.0050699710845947266
0.0053424835205078125
0.005072832107543945
0.005127429962158203
0.005402088165283203
0.005059719085693359
0.0051572322845458984
0.0051348209381103516
0.0050811767578125
0.005141496658325195
0.00549006462097168
0.005051612854003906
0.0050504207611083984
0.005055427551269531
0.005221366882324219
0.006001472473144531
0.005200386047363281
0.0052144527435302734
0.005171775817871094
0.005064249038696289
0.005064964294433594
0.005062580108642578
0.00504755973815918
0.005098819732666016
0.0052225589752197266
0.005051136016845703
0.005072116851806641
0.005550861358642578
0.0050694942474365234
0.005511045455932617
0.006018638610839844
0.005778312683105469
0.0055675506591796875
0.005170583724975586
0.005237579345703125
0.0050601959228515625
0.005104541778564453
0.017421245574951172
0.005415439605712891
0.005091667175292969
0.00526118278503418
0.005181550979614258
0.00505828857421875
0.005109310150146484
0.0050508975982666016
0.005041360855102539
0.005059242248535156
0.00505375862121582
0.005244731903076172
0.0051958560943603516
0.0055959224700927734
0.005549430847167969
0.00545954704284668
0.017420053482055664
0.004904747009277344
0.004830121994018555
0.0050868988037109375
0.0048465728759765625
0.0048329830169677734
0.004802703857421875
0.004988193511962891
0.0048370361328125
0.004835605621337891
0.005076408386230469
0.004820346832275391
0.004857778549194336
0.004919767379760742
0.004830837249755859
0.0050716400146484375
0.005014181137084961
0.004938364028930664
0.004944801330566406
0.004815816879272461
0.005338430404663086
0.0048182010650634766
0.00503087043762207
0.007696866989135742
0.005548715591430664
0.00545191764831543
0.007058858871459961
0.018096208572387695
0.008287191390991211
0.00697636604309082
0.005291461944580078
0.005231380462646484
0.005310535430908203
0.018115520477294922
0.018959760665893555
0.01321721076965332
0.008617401123046875
0.01860642433166504
0.012406110763549805
0.010428905487060547
0.00821995735168457
0.005979299545288086
