0.04913473129272461
0.04968404769897461
0.05260300636291504
0.04919886589050293
0.049344539642333984
0.04909348487854004
0.050843000411987305
0.049239158630371094
0.049271583557128906
0.04982113838195801
0.0497584342956543
0.04927420616149902
0.04950571060180664
0.051081180572509766
0.05147981643676758
0.050467729568481445
0.049559831619262695
0.05035066604614258
0.04934573173522949
0.05009865760803223
0.050299644470214844
0.05373787879943848
0.04938769340515137
0.049996137619018555
0.05361509323120117
0.051177024841308594
0.049956560134887695
0.04960989952087402
0.05066800117492676
0.04924654960632324
0.04935288429260254
0.05252552032470703
0.05076789855957031
0.050821781158447266
0.05114340782165527
0.04927992820739746
0.04958605766296387
0.05120420455932617
0.03515934944152832
0.030054092407226562
0.02906036376953125
0.029703855514526367
0.028342723846435547
0.028127670288085938
0.028022289276123047
0.029891490936279297
0.027582645416259766
0.029770612716674805
0.03136897087097168
0.028192520141601562
0.028820514678955078
0.030081748962402344
0.02861189842224121
0.02857208251953125
0.02822709083557129
0.028833866119384766
0.027990341186523438
0.029891014099121094
0.029500961303710938
0.028297901153564453
0.028115272521972656
0.02793431282043457
0.028960466384887695
0.0274658203125
0.027925968170166016
0.03010869026184082
0.028606414794921875
0.02969813346862793
0.02748584747314453
0.029979467391967773
0.02771592140197754
0.028471708297729492
0.030874967575073242
0.028599977493286133
0.02927112579345703
0.029005050659179688
0.034543752670288086
0.02890157699584961
0.029848337173461914
0.02855825424194336
0.027967214584350586
0.027803421020507812
0.031769752502441406
0.02998661994934082
0.028062820434570312
0.02793264389038086
0.03013157844543457
0.027383089065551758
0.02736687660217285
0.03206968307495117
0.027785778045654297
0.02774190902709961
0.02752065658569336
0.031105518341064453
0.027557849884033203
0.028226852416992188
0.029567718505859375
0.02742624282836914
0.0279543399810791
0.029148101806640625
0.02976226806640625
0.028694868087768555
