991.2
1028.1
991.1
1021.5
996.6
978.9
1035.8
962.8
1013.1
1027.6
999.2
1006.5
1001.4
986.4
1006.4
1012.1
983.3
998.0
988.6
1022.0
980.3
964.1
1035.1
986.3
1013.9
1003.1
1008.3
975.9
1009.0
1010.9
984.1
1026.8
983.1
972.9
1024.5
986.9
1005.1
1011.0
985.2
1015.4
983.3
995.4
991.8
996.2
995.5
1001.5
985.8
1008.1
999.9
998.9
1013.3
1015.4
1003.2
979.6
1009.8
1006.2
970.7
1022.0
980.9
1007.6
1008.6
1007.2
979.8
1036.9
977.3
1011.8
1006.4
994.3
1019.6
1007.4
974.0
1011.5
1008.7
969.5
1008.5
1003.6
985.1
1027.8
1007.3
983.2
1022.2
981.1
1013.1
1000.5
1007.0
1009.3
1001.1
986.0
1010.3
1003.3
988.9
1004.3
1018.2
1000.9
988.3
990.1
1009.2
991.6
1011.6
1000.9
1012.2
1011.0
