1275.2
1361.0
1268.1
1367.8
1370.9
1372.6
1367.2
1376.6
1183.2
1091.0
1180.2
1371.2
1332.7
1064.6
1090.9
769.0
1087.8
1357.8
1449.4
1358.0
1359.9
761.4
1081.6
1369.0
1269.7
803.8
997.5
1094.4
1092.0
1349.2
1387.4
1085.8
762.1
1085.6
1368.9
1386.8
1384.9
1386.7
1120.2
1385.4
1386.1
1388.6
769.8
1312.7
1265.5
1201.3
1121.7
1096.7
1287.7
1302.7
1298.5
1406.9
1386.4
1207.1
1193.2
1361.3
1288.8
1311.7
732.4
1091.2
1188.4
1095.6
1085.2
1369.5
1459.4
1369.7
1361.9
1357.5
1195.8
1183.4
1092.7
1267.2
1363.5
1271.0
1372.1
1333.7
1161.5
1362.7
1357.0
1362.0
1381.5
817.0
1102.0
1185.2
752.7
985.0
1081.5
1251.1
1294.1
799.4
1174.3
1196.6
827.4
1117.6
1126.9
1273.9
1340.4
1383.1
1381.6
1362.4
1363.1
1364.2
852.8
1169.4
1340.8
1357.1
1362.7
1086.5
1319.4
1108.5
1113.5
1396.9
1300.6
1395.9
1392.8
1381.3
1383.3
1372.4
1368.0
1354.9
1371.4
1364.8
1371.3
1356.1
1352.5
803.6
1154.2
1343.9
1435.7
1250.4
1341.2
1258.5
1358.8
1086.9
1080.2
1089.5
1217.5
867.8
1007.3
1031.3
1008.7
1209.5
1355.9
1366.8
1327.8
1220.3
1070.8
1260.0
1138.9
1092.3
1423.7
1350.2
1349.9
1362.4
1372.5
1361.8
1350.5
1378.3
1271.0
1356.1
1361.8
1358.3
1279.0
1363.7
1366.2
1376.4
1371.9
1269.5
1359.0
1257.7
826.1
1107.2
1229.8
1107.9
1375.2
1369.3
1380.7
1367.7
1256.5
1351.5
1353.6
1353.2
823.2
991.6
1054.1
1138.1
779.2
935.0
1010.5
1164.8
994.5
1168.8
1371.9
1182.0
1144.3
1364.4
1361.7
1173.9
1132.3
775.9
1068.7
1169.6
762.9
1111.5
1113.2
1061.0
1057.4
1037.6
1100.2
1135.0
1040.2
1006.8
973.1
1107.8
944.6
900.3
988.1
1106.4
782.2
1060.1
1065.9
1119.9
1051.4
1055.8
1099.0
1062.9
1109.0
1094.8
1024.3
1101.1
1012.2
1059.0
1099.5
1070.1
1074.6
942.2
1109.6
1141.9
1121.0
1116.2
1148.4
1030.1
1150.6
1062.3
1111.5
1060.5
1113.2
1049.2
1117.1
1065.3
1056.1
1116.4
1047.4
1064.3
1118.2
1111.2
1098.5
1124.0
1051.5
1114.8
1120.7
1055.2
1081.9
1046.5
1177.3
1061.6
1114.9
1112.5
1047.5
1115.0
1113.7
1053.3
1072.0
872.2
824.2
701.0
945.1
968.5
1115.1
1115.9
1091.3
1153.1
1067.8
1054.4
1062.0
1123.3
1061.6
1096.7
1056.2
1068.7
1062.5
1115.4
1106.6
1057.6
1118.9
1064.6
1119.6
1062.2
1140.7
1050.0
1165.2
1107.1
1107.7
1091.4
1122.6
1059.1
