0.0958106517791748
0.0972433090209961
0.10188412666320801
0.10177993774414062
0.10031771659851074
0.09804487228393555
0.09652376174926758
0.09553074836730957
0.09572386741638184
0.0963134765625
0.09605908393859863
0.09535765647888184
0.0958259105682373
0.09730148315429688
0.09934473037719727
0.09878206253051758
0.09760427474975586
0.10018301010131836
0.10113310813903809
0.10173749923706055
0.10198426246643066
0.10368490219116211
0.10138940811157227
0.10136651992797852
0.1055142879486084
0.10464310646057129
0.10310983657836914
0.10245180130004883
0.10304856300354004
0.10186767578125
0.1026146411895752
0.1041860580444336
0.10269045829772949
0.10363626480102539
0.10051155090332031
0.10130572319030762
0.09947347640991211
0.09888911247253418
0.09742093086242676
0.10338163375854492
0.10166692733764648
0.10043907165527344
0.09977221488952637
0.09935116767883301
0.10143613815307617
0.10381627082824707
0.10142040252685547
0.10314059257507324
0.10397720336914062
0.10309171676635742
0.10360193252563477
0.10238242149353027
0.10364174842834473
0.10206246376037598
0.10296750068664551
0.10234308242797852
0.10299921035766602
0.1046750545501709
0.10192751884460449
0.1031944751739502
0.1030881404876709
0.10321521759033203
0.10203695297241211
0.10124063491821289
0.1022953987121582
0.10276436805725098
0.10331916809082031
0.10457253456115723
0.10197830200195312
0.10321235656738281
0.10265040397644043
0.10277962684631348
0.10208940505981445
0.10312342643737793
0.10309720039367676
0.10260844230651855
0.10961341857910156
0.10504722595214844
0.1032254695892334
0.10168790817260742
0.10172009468078613
0.10289621353149414
0.10559725761413574
0.10492515563964844
0.10325789451599121
0.10301876068115234
0.10286951065063477
0.10241031646728516
0.1019279956817627
0.1036376953125
0.10209488868713379
0.10253572463989258
0.10212111473083496
0.1038818359375
0.10116457939147949
0.10199236869812012
0.1020350456237793
0.10082554817199707
0.1027834415435791
0.10388803482055664
0.10270118713378906
0.10284423828125
