0.010895252227783203
0.010940074920654297
0.010963678359985352
0.010888814926147461
0.010865926742553711
0.010854959487915039
0.010899543762207031
0.01082158088684082
0.010908365249633789
0.010921239852905273
0.010941267013549805
0.010861635208129883
0.01118159294128418
0.011193990707397461
0.010925054550170898
0.022032976150512695
0.01095724105834961
0.010972976684570312
0.010960817337036133
0.010970830917358398
0.010953187942504883
0.022247791290283203
0.011017084121704102
0.010880231857299805
0.010950088500976562
0.02231311798095703
0.010949850082397461
0.010891437530517578
0.010913372039794922
0.01104426383972168
0.010746240615844727
0.010990619659423828
0.022237539291381836
0.01282358169555664
0.010882377624511719
0.010743856430053711
0.010753870010375977
0.010746479034423828
0.010638713836669922
0.010754823684692383
0.010747432708740234
0.010733366012573242
0.022008657455444336
0.01134800910949707
0.010988950729370117
0.010748147964477539
0.010609149932861328
0.010868072509765625
0.010802030563354492
0.010675191879272461
0.010709047317504883
0.010583877563476562
0.010747194290161133
0.0106964111328125
0.010820150375366211
0.010944604873657227
0.010787725448608398
0.011365175247192383
0.02313852310180664
0.01093912124633789
0.010863780975341797
0.010878801345825195
0.010977506637573242
0.0108795166015625
0.010888814926147461
0.010874271392822266
0.010940313339233398
0.010976791381835938
0.01079702377319336
0.010901927947998047
0.010900735855102539
0.010971307754516602
0.01092529296875
0.010939359664916992
0.010859012603759766
0.011168956756591797
0.011116266250610352
0.010931253433227539
0.010977983474731445
0.010936975479125977
0.010788917541503906
0.0219573974609375
0.010814666748046875
0.010897159576416016
0.023848533630371094
0.01922297477722168
0.016575098037719727
0.0111236572265625
0.012299537658691406
0.03371071815490723
0.01613759994506836
0.010816335678100586
0.021682262420654297
0.016031980514526367
0.011461734771728516
0.010914325714111328
0.011118173599243164
0.010773420333862305
0.010776519775390625
0.010934591293334961
0.01092839241027832
0.010920286178588867
0.022195816040039062
0.011046409606933594
0.011111736297607422
0.010979890823364258
0.01092982292175293
0.010970115661621094
0.011295080184936523
0.01075291633605957
0.010703802108764648
0.010670185089111328
0.01069188117980957
0.010673999786376953
0.01070261001586914
0.010793685913085938
0.010770559310913086
0.010852813720703125
0.010891914367675781
0.010994434356689453
0.01086282730102539
0.010919809341430664
0.010865211486816406
0.01098322868347168
0.011019229888916016
0.022318124771118164
0.011184453964233398
0.01108241081237793
0.011069297790527344
0.011130809783935547
0.011113643646240234
0.01105046272277832
0.010960817337036133
0.010963916778564453
0.011034727096557617
0.010938405990600586
0.012247800827026367
0.05867958068847656
0.01880335807800293
0.01643657684326172
0.017800331115722656
0.011524438858032227
0.011008024215698242
0.01092672348022461
0.01049351692199707
0.010600566864013672
0.01766371726989746
0.016600608825683594
0.013988971710205078
0.010910511016845703
0.011167526245117188
0.011034011840820312
0.011042356491088867
0.010940074920654297
0.01085209846496582
0.010940074920654297
0.011031627655029297
0.010807514190673828
0.01093912124633789
0.010982751846313477
0.01094198226928711
0.010966300964355469
0.010870695114135742
0.010923147201538086
0.010904312133789062
0.01082468032836914
0.01085662841796875
0.011739492416381836
0.010960578918457031
0.011065959930419922
0.02172255516052246
0.012570858001708984
0.012128114700317383
0.010753393173217773
0.010833263397216797
0.01087188720703125
0.010789871215820312
0.010891437530517578
0.011065244674682617
0.01102447509765625
0.011000394821166992
0.011007070541381836
0.02178955078125
0.017071247100830078
0.0103759765625
0.018380165100097656
0.023034095764160156
0.020247697830200195
0.01676654815673828
0.016257524490356445
0.015027284622192383
0.010210990905761719
0.010149240493774414
0.010097980499267578
0.010434150695800781
0.010204553604125977
0.010231971740722656
0.010167360305786133
0.010533332824707031
0.02312922477722168
0.011152029037475586
0.011043787002563477
0.022207975387573242
0.010724782943725586
0.01790904998779297
0.0178530216217041
0.017914295196533203
0.019220590591430664
0.018125295639038086
0.0184478759765625
0.0201263427734375
0.020794391632080078
0.022549152374267578
0.018009185791015625
0.02853226661682129
0.026600360870361328
0.021205663681030273
0.018929481506347656
0.028074264526367188
0.024478435516357422
0.017776012420654297
0.01778244972229004
0.01801896095275879
0.017946243286132812
0.01814889907836914
0.01782703399658203
0.017983198165893555
0.018212556838989258
0.022401809692382812
0.020833492279052734
0.02464604377746582
0.017890214920043945
0.018143177032470703
0.024245262145996094
0.018562793731689453
0.023298025131225586
0.017974853515625
0.01833796501159668
0.018688440322875977
0.017872333526611328
0.0191042423248291
0.03005075454711914
0.018204927444458008
0.017835617065429688
0.017940044403076172
0.017861366271972656
0.017917156219482422
0.01805734634399414
0.017853498458862305
0.017783641815185547
0.017942190170288086
0.017862319946289062
0.018088340759277344
0.017798662185668945
0.017832517623901367
0.017942428588867188
0.018152475357055664
0.017735004425048828
0.01801323890686035
0.01788640022277832
0.017797470092773438
0.017950057983398438
0.018431425094604492
0.018109798431396484
0.017783164978027344
0.017822742462158203
0.01788187026977539
0.017920255661010742
0.01808452606201172
0.017890214920043945
0.017902612686157227
0.017989635467529297
0.018607378005981445
0.02517104148864746
0.0278472900390625
0.029907703399658203
0.021095991134643555
0.031939029693603516
0.017885208129882812
0.0178678035736084
0.01827549934387207
0.019025564193725586
0.017743587493896484
0.019866466522216797
0.01783895492553711
0.017754554748535156
0.017845869064331055
0.018184900283813477
0.017940044403076172
0.017729520797729492
0.017833232879638672
0.01788020133972168
0.018023252487182617
0.017915010452270508
0.0178225040435791
0.017798662185668945
0.017815589904785156
0.017835140228271484
0.018358945846557617
0.018042564392089844
0.017973661422729492
0.018015623092651367
0.018007278442382812
0.018272876739501953
0.01776289939880371
0.01788783073425293
