204.1
267.8
178.2
306.6
210.0
262.5
311.3
210.9
258.5
244.5
209.9
247.0
311.8
257.0
236.9
205.3
209.6
261.0
297.9
216.9
251.6
197.4
218.2
285.8
203.0
254.7
241.2
314.4
218.2
297.5
206.5
227.8
275.6
210.1
242.1
244.9
256.0
267.9
230.4
207.9
225.9
246.3
288.2
237.7
255.3
269.6
224.6
232.0
218.3
237.9
266.3
220.9
219.3
284.8
288.6
293.8
256.2
217.4
289.8
260.4
219.7
245.7
226.4
294.6
219.4
265.1
282.7
209.8
226.5
222.0
279.6
242.7
233.4
265.9
215.3
227.3
224.2
271.9
203.0
252.4
301.1
272.3
205.3
230.2
220.1
280.3
236.0
222.5
309.6
246.5
191.5
274.9
183.8
320.1
190.0
307.0
225.3
295.7
220.6
265.7
176.7
265.2
