0.019549131393432617
0.01862192153930664
0.0224001407623291
0.016257047653198242
0.018996715545654297
0.015190839767456055
0.019226551055908203
0.01892256736755371
0.019295215606689453
0.02040266990661621
0.01900625228881836
0.016147136688232422
0.01598525047302246
0.01939868927001953
0.02105569839477539
0.019437313079833984
0.01904010772705078
0.01910686492919922
0.016736268997192383
0.018388032913208008
0.019825220108032227
0.025275468826293945
0.018280744552612305
0.01744389533996582
0.024580001831054688
0.019577980041503906
0.016538143157958984
0.01903057098388672
0.018285751342773438
0.016761064529418945
0.01932215690612793
0.02189803123474121
0.01809072494506836
0.018990039825439453
0.02060532569885254
0.016281843185424805
0.015576601028442383
0.018617630004882812
0.01730966567993164
0.02398848533630371
0.0220797061920166
0.01619124412536621
0.01729607582092285
0.016776323318481445
0.019533157348632812
0.018494844436645508
0.01776432991027832
0.021498680114746094
0.022857666015625
0.01676011085510254
0.018722057342529297
0.01806330680847168
0.018189430236816406
0.017505884170532227
0.017281293869018555
0.020373821258544922
0.01947307586669922
0.02294468879699707
0.017206668853759766
0.01915144920349121
0.018158435821533203
0.0162351131439209
0.0176241397857666
0.0169217586517334
0.01818084716796875
0.01881122589111328
0.01763463020324707
0.023781299591064453
0.017609834671020508
0.017973899841308594
0.017835617065429688
0.016434431076049805
0.0170900821685791
0.01875758171081543
0.018529891967773438
0.017542362213134766
0.026709556579589844
0.01833486557006836
0.019655466079711914
0.015798091888427734
0.01655435562133789
0.018312692642211914
0.02430438995361328
0.02167057991027832
0.018123626708984375
0.017789602279663086
0.016901016235351562
0.01792764663696289
0.016105175018310547
0.020231008529663086
0.015619039535522461
0.01814126968383789
0.016272544860839844
0.01868915557861328
0.015746593475341797
0.016233444213867188
0.017705440521240234
0.016858816146850586
0.018086671829223633
0.018768310546875
0.01692795753479004
0.018804550170898438
