971.6
1013.1
988.2
979.2
1016.0
1007.5
1001.8
1009.5
971.3
1006.4
1012.5
979.2
1019.0
1013.9
991.8
1005.4
1011.1
961.0
991.4
978.9
1002.0
1000.7
1012.5
988.6
1018.0
989.6
985.4
991.5
983.0
1000.1
996.3
1001.9
1022.4
967.1
1033.4
1002.8
969.3
997.5
989.7
987.7
1002.6
1021.4
966.6
971.6
1031.2
985.4
1006.0
1002.2
992.8
990.0
1010.3
1001.0
986.7
994.7
1029.4
1012.7
990.2
988.6
998.2
995.2
1038.2
999.4
994.8
1001.6
998.2
986.9
992.6
979.0
998.6
1009.9
998.2
992.5
1032.3
1000.0
992.6
992.3
1006.9
994.2
1025.0
1001.5
986.8
1002.0
1010.4
983.1
1027.6
996.9
999.3
1005.3
1002.9
979.3
1002.5
1006.9
993.1
999.0
998.4
996.7
1001.1
960.3
1037.7
998.3
996.7
1000.9
