1264.5
1364.9
875.3
683.6
900.5
1101.7
1155.6
1377.2
803.9
1057.6
1074.8
1168.0
1348.9
1302.3
823.1
1174.1
1395.6
1379.2
1201.2
1299.1
1315.3
1298.9
1312.9
1410.5
1385.8
1387.5
1395.9
1402.7
820.3
1016.0
1119.1
1114.5
1110.4
1204.6
810.1
1097.1
1285.4
1361.5
1367.6
1072.3
780.7
1086.6
1205.0
1120.9
1121.3
1392.1
1395.0
1393.3
1197.6
766.7
1015.2
1402.8
1386.0
1396.0
1382.9
1301.6
1401.4
1276.9
1254.7
1231.2
1279.3
1287.6
1301.0
1385.5
1404.9
1212.2
1214.3
816.5
711.6
943.0
1174.3
1358.4
1342.4
1456.3
1257.6
1436.6
980.2
1338.0
1336.4
1337.1
1330.7
1328.3
1327.3
1321.3
1336.4
1335.7
1213.6
1069.9
1099.2
1282.1
1184.9
1290.4
1259.8
1273.8
1201.2
1104.8
1383.8
1379.8
1378.9
1377.5
1449.6
1354.3
1349.5
1162.8
1330.0
1090.3
1177.7
1359.5
1185.9
1329.9
1377.2
1352.2
1370.3
1370.7
762.8
1278.5
1173.1
1354.7
1463.3
1286.5
1362.4
717.3
1173.0
1179.2
1374.4
1184.2
1184.9
1181.4
1471.3
1281.7
1293.4
1389.7
1384.0
1180.9
1183.5
1370.1
1306.2
1478.4
1181.8
1376.9
1376.9
1281.7
1224.9
1053.8
1035.1
1191.6
1104.8
1389.1
1375.9
1270.0
1367.7
1373.5
1355.4
1374.5
1359.0
1369.8
1363.8
1098.7
1099.7
1358.0
1249.0
1365.8
816.7
1152.9
1176.4
1384.3
1293.2
1191.1
1295.6
1300.8
1273.9
823.1
677.9
1226.5
802.4
972.7
1077.1
1480.7
1092.5
727.4
1076.0
1067.8
1200.9
787.6
1064.5
1056.8
849.1
1069.3
1239.4
1367.1
756.6
1160.7
1354.9
1352.4
1092.9
1371.9
1095.4
1444.8
1083.9
1082.1
1365.7
1175.0
1173.9
1273.0
1339.9
1266.7
1126.7
976.3
928.3
739.5
1032.5
1262.1
1089.2
1080.0
1142.3
1051.3
1091.0
994.9
1014.0
1056.9
1061.0
774.0
1081.5
1093.3
1143.5
1344.4
1360.7
1372.4
1174.6
1093.0
1093.6
1202.5
1203.6
1386.0
1379.9
1262.5
1101.3
1193.3
1199.6
1203.4
1384.1
1105.3
1387.7
1153.8
1279.5
716.9
1176.5
1120.7
1107.5
1152.8
1383.1
1376.0
1287.2
1197.8
1106.1
1108.3
1102.9
1386.0
1374.5
1322.7
1353.8
1084.5
1183.7
1171.7
1178.5
1187.6
1258.6
1110.2
1110.4
1385.5
1095.3
1373.8
1205.3
1112.6
1359.4
1380.3
1388.6
1388.2
1398.9
1378.1
1087.6
1200.9
1370.0
1314.1
1363.7
1360.0
1141.6
1120.9
1359.3
1359.3
1362.3
820.6
1253.2
1360.7
1329.9
1345.3
1356.3
1354.4
1359.4
1354.4
1364.9
1193.1
1184.9
1353.4
1365.8
1353.5
