0.09053635597229004
0.09078478813171387
0.09408998489379883
0.09086465835571289
0.0905303955078125
0.09524416923522949
0.09181499481201172
0.09110689163208008
0.09058356285095215
0.09139418601989746
0.09084081649780273
0.09290957450866699
0.09124612808227539
0.10255551338195801
0.09576129913330078
0.09146261215209961
0.09096646308898926
0.09154915809631348
0.12908530235290527
0.08987307548522949
0.09079575538635254
0.09291315078735352
0.08985185623168945
0.09000635147094727
0.09427809715270996
0.09294843673706055
0.09230351448059082
0.09680056571960449
0.09255480766296387
0.0919644832611084
0.09232258796691895
0.10377764701843262
0.11342787742614746
0.09510922431945801
0.09384274482727051
0.09471273422241211
0.093841552734375
0.09320783615112305
0.09293675422668457
0.09717512130737305
0.09572529792785645
0.09396672248840332
0.09515690803527832
0.09466886520385742
0.09307098388671875
0.09435486793518066
0.09341216087341309
0.09573960304260254
0.09667563438415527
0.09695124626159668
0.0950002670288086
0.09488391876220703
0.0982825756072998
0.09649229049682617
0.0922548770904541
0.09180617332458496
0.09187817573547363
0.09401822090148926
0.09214019775390625
0.09242105484008789
0.09244346618652344
0.09203004837036133
0.09246158599853516
0.09182953834533691
0.09214210510253906
0.09319639205932617
0.09266805648803711
0.09393644332885742
0.09208559989929199
0.09206938743591309
0.09615468978881836
0.09267497062683105
0.0919947624206543
0.09197688102722168
0.09265947341918945
0.09269404411315918
0.09631490707397461
0.09251785278320312
0.09363150596618652
0.09181857109069824
0.09219551086425781
0.0917971134185791
0.09499025344848633
0.09457254409790039
0.09242582321166992
0.09226202964782715
0.09203791618347168
0.09149479866027832
0.09171271324157715
0.09389877319335938
0.09174728393554688
0.0953207015991211
0.0966343879699707
0.10809087753295898
0.09212207794189453
0.09228372573852539
0.0918738842010498
0.09161257743835449
0.09249329566955566
0.09613633155822754
0.09526848793029785
0.09588980674743652
