0.017305374145507812
0.010916948318481445
0.03306269645690918
0.023314237594604492
0.01770806312561035
0.016292333602905273
0.012929916381835938
0.010824441909790039
0.028539180755615234
0.017888784408569336
0.016681432723999023
0.012767314910888672
0.011776447296142578
0.011456966400146484
0.021793127059936523
0.011851072311401367
0.010672807693481445
0.010801553726196289
0.012413740158081055
0.010704755783081055
0.010571718215942383
0.010704517364501953
0.010589838027954102
0.010563135147094727
0.010755300521850586
0.010742425918579102
0.010676860809326172
0.010620832443237305
0.021871566772460938
0.01075434684753418
0.010658025741577148
0.010694265365600586
0.010736703872680664
0.010715961456298828
0.022146224975585938
0.01086282730102539
0.010817289352416992
0.010942697525024414
0.01089024543762207
0.011112689971923828
0.022984743118286133
0.010970830917358398
0.010709524154663086
0.010631561279296875
0.010625362396240234
0.010706901550292969
0.010677814483642578
0.010691165924072266
0.010783910751342773
0.022098541259765625
0.01075887680053711
0.010618448257446289
0.010746002197265625
0.010671615600585938
0.010776519775390625
0.010692119598388672
0.010631322860717773
0.01088857650756836
0.011086463928222656
0.011299848556518555
0.010877609252929688
0.01079416275024414
0.01068735122680664
0.010754108428955078
0.01059579849243164
0.010649919509887695
0.010631561279296875
0.023189067840576172
0.022413015365600586
0.020058870315551758
0.010993719100952148
0.01096653938293457
0.011099815368652344
0.01090860366821289
0.011057615280151367
0.011061429977416992
0.011144399642944336
0.011132478713989258
0.011149168014526367
0.011143922805786133
0.011203765869140625
0.011217117309570312
0.011224985122680664
0.01128077507019043
0.011139869689941406
0.011155128479003906
0.012285232543945312
0.011139392852783203
0.010843515396118164
0.010846376419067383
0.010895967483520508
0.010773897171020508
0.011039495468139648
0.010914325714111328
0.010747909545898438
0.010788440704345703
0.01076507568359375
0.01080012321472168
0.010805368423461914
0.010816097259521484
0.010962486267089844
0.011011362075805664
0.011019229888916016
0.012819766998291016
0.01119375228881836
0.010920047760009766
0.010962963104248047
0.010951757431030273
0.010885238647460938
0.011201858520507812
0.010819435119628906
0.011016130447387695
0.010866641998291016
0.010881423950195312
0.022222280502319336
0.010906457901000977
0.01017308235168457
0.010283231735229492
0.010197162628173828
0.01082158088684082
0.010931968688964844
0.022228479385375977
0.010179281234741211
0.010123729705810547
0.010132551193237305
0.010081291198730469
0.010074615478515625
0.010105609893798828
0.010141134262084961
0.010092973709106445
0.010000467300415039
0.010022401809692383
0.010059833526611328
0.010113954544067383
0.010089397430419922
0.010167121887207031
0.010665655136108398
0.010093927383422852
0.010102987289428711
0.010115861892700195
0.010115385055541992
0.010854721069335938
0.017078876495361328
0.01609182357788086
0.01442861557006836
0.010828971862792969
0.010788202285766602
0.01072239875793457
0.010825157165527344
0.01094508171081543
0.010894060134887695
0.01084756851196289
0.010990142822265625
0.010840177536010742
0.010960102081298828
0.010876655578613281
0.01092672348022461
0.010844707489013672
0.010837793350219727
0.010967493057250977
0.011931896209716797
0.01090860366821289
0.02196526527404785
0.016397714614868164
0.01097869873046875
0.010770320892333984
0.010755538940429688
0.01167750358581543
0.010733366012573242
0.010689020156860352
0.010914087295532227
0.021787166595458984
0.02352118492126465
0.011336088180541992
0.022356271743774414
0.017392635345458984
0.012928485870361328
0.010740518569946289
0.01092529296875
0.023302316665649414
0.016666889190673828
0.02240610122680664
0.011610269546508789
0.029128074645996094
0.013072013854980469
0.01696181297302246
0.022322654724121094
0.016760826110839844
0.012047767639160156
0.010894060134887695
0.022388935089111328
0.011126041412353516
0.010999917984008789
0.011022567749023438
0.010905981063842773
0.01086115837097168
0.010878801345825195
0.01099705696105957
0.010995626449584961
0.011015653610229492
0.010907173156738281
0.010987043380737305
0.010999441146850586
0.010921001434326172
0.011107683181762695
0.011754989624023438
0.016782522201538086
0.017356157302856445
0.017187118530273438
0.024294376373291016
0.01253056526184082
0.014182090759277344
0.011855840682983398
0.023996353149414062
0.01743006706237793
0.01704239845275879
0.016419410705566406
0.019017696380615234
0.017697572708129883
0.016982316970825195
0.01691126823425293
0.025759220123291016
0.017489910125732422
0.017307043075561523
0.010426521301269531
0.010355234146118164
0.010950803756713867
0.010853290557861328
0.010991811752319336
0.010904788970947266
0.010894060134887695
0.01073455810546875
0.010723114013671875
0.010749578475952148
0.01079702377319336
0.011814117431640625
0.010818004608154297
0.0108184814453125
0.010762929916381836
0.010729074478149414
0.010765790939331055
0.01078343391418457
0.01073598861694336
0.01119852066040039
0.010873079299926758
0.022247314453125
0.010979413986206055
0.02045154571533203
0.01618170738220215
0.011202573776245117
0.010774612426757812
0.01082611083984375
0.010803461074829102
0.010777711868286133
0.01078176498413086
0.010751724243164062
0.010807991027832031
0.010748624801635742
0.01083827018737793
0.011268138885498047
0.011003971099853516
0.010999917984008789
0.01091146469116211
0.011024236679077148
0.010958194732666016
0.010874748229980469
0.011851310729980469
0.01073765754699707
0.01073455810546875
0.010753154754638672
0.010880231857299805
0.010840892791748047
0.010710716247558594
0.010710954666137695
0.010961055755615234
0.010793685913085938
0.01073002815246582
0.01072835922241211
0.010649442672729492
0.010825634002685547
0.010952472686767578
0.01075124740600586
0.010876655578613281
0.012104988098144531
0.010926008224487305
0.010953187942504883
0.01655292510986328
0.011512517929077148
0.010958671569824219
0.010957956314086914
0.010934591293334961
0.021849632263183594
0.011094808578491211
0.010945558547973633
0.011204719543457031
0.011072874069213867
0.010984659194946289
0.010998249053955078
0.010956287384033203
0.011002779006958008
0.010915756225585938
0.010815620422363281
0.01090693473815918
0.011006832122802734
0.010910272598266602
0.011004209518432617
