509.2
491.8
497.6
569.8
516.1
561.9
531.7
492.4
517.1
505.7
503.2
570.7
564.8
519.0
515.7
510.0
501.1
518.0
544.2
517.6
481.6
525.3
526.0
523.2
494.1
520.7
549.0
586.0
539.4
554.3
499.4
501.4
539.0
518.8
520.0
556.5
571.7
521.0
549.1
481.1
512.6
542.7
531.2
544.9
524.5
516.4
524.7
485.6
512.7
560.6
519.7
519.2
529.8
548.8
545.5
566.9
512.5
520.0
522.6
504.3
521.9
565.1
547.8
532.9
523.0
523.8
525.1
437.4
503.1
520.0
517.1
549.8
533.4
504.7
503.6
527.5
498.4
551.2
518.9
553.0
543.0
522.4
485.0
534.1
547.8
527.3
542.6
516.1
558.4
513.2
551.2
527.1
556.4
534.1
537.4
575.7
524.5
544.4
508.1
543.2
524.1
544.1
