0.08634686470031738
0.08737802505493164
0.08635091781616211
0.0789191722869873
0.08713579177856445
0.07826042175292969
0.08269453048706055
0.08728289604187012
0.08696675300598145
0.09091377258300781
0.08737969398498535
0.08228945732116699
0.08316373825073242
0.08472061157226562
0.08914875984191895
0.08819413185119629
0.08975553512573242
0.08874034881591797
0.0807960033416748
0.08687734603881836
0.08923482894897461
0.09131479263305664
0.0873880386352539
0.08404779434204102
0.09305095672607422
0.08636021614074707
0.0800786018371582
0.08015131950378418
0.08152246475219727
0.08294105529785156
0.08805680274963379
0.08969473838806152
0.08158326148986816
0.08860468864440918
0.0884089469909668
0.08440637588500977
0.08041763305664062
0.08439779281616211
0.08554315567016602
0.09139323234558105
0.08968496322631836
0.08102583885192871
0.08276796340942383
0.08070087432861328
0.08382892608642578
0.08709454536437988
0.08379268646240234
0.08850288391113281
0.08966517448425293
0.08201146125793457
0.08268404006958008
0.08661484718322754
0.08865809440612793
0.08011960983276367
0.0824439525604248
0.07932281494140625
0.08970761299133301
0.09418463706970215
0.08414745330810547
0.08719873428344727
0.08424592018127441
0.08311915397644043
0.08573365211486816
0.08251261711120605
0.08790445327758789
0.08585500717163086
0.08374166488647461
0.10280060768127441
0.08939194679260254
0.08649373054504395
0.08309602737426758
0.0818014144897461
0.0824270248413086
0.08909940719604492
0.08930754661560059
0.08335041999816895
0.0882260799407959
0.08159303665161133
0.08472990989685059
0.0831305980682373
0.0809628963470459
0.08608603477478027
0.09065914154052734
0.08794331550598145
0.08026528358459473
0.08528590202331543
0.08840823173522949
0.0851907730102539
0.08053755760192871
0.08567190170288086
0.07795214653015137
0.08342361450195312
0.08262252807617188
0.08231687545776367
0.07996010780334473
0.07810473442077637
0.08575320243835449
0.08260440826416016
0.08653473854064941
0.08646059036254883
0.0819852352142334
0.0826566219329834
