1136.3
1143.9
1119.9
1148.7
1128.0
1130.3
1137.8
1144.8
1121.4
1122.6
1143.2
1132.6
1129.7
1148.3
1140.7
1131.5
1124.4
1134.0
1131.6
1124.9
1139.6
1119.3
1126.6
1134.4
1148.9
1135.2
1111.0
1123.6
1141.4
1127.8
1128.0
1128.7
1142.5
1137.9
1129.2
1151.7
1126.2
1133.3
1129.2
1138.5
1134.4
1126.1
1145.9
1121.2
1130.5
1126.1
1129.4
1118.5
1142.5
1134.6
1139.1
1140.3
1126.4
1126.4
1153.8
1133.7
1130.5
1127.1
1149.6
1124.5
1141.0
1126.8
1134.1
1131.3
1145.2
1122.8
1141.0
1142.7
1120.5
1130.2
1141.9
1137.5
1131.2
1129.9
1136.6
1134.4
1115.0
1130.8
1114.2
1131.7
1125.8
1122.7
1160.5
1120.3
1131.3
1141.1
1121.3
1136.1
1124.9
1117.3
1151.6
1121.8
1120.3
1137.4
1148.8
1118.2
1150.1
1120.4
1148.8
1132.6
1124.3
1132.7
