0.15397238731384277
0.16518306732177734
0.16693496704101562
0.16536450386047363
0.16480469703674316
0.16451525688171387
0.16695547103881836
0.1650538444519043
0.16492915153503418
0.1656506061553955
0.16523170471191406
0.1641829013824463
0.1619434356689453
0.16280865669250488
0.16214537620544434
0.16788315773010254
0.16533660888671875
0.1675121784210205
0.1643211841583252
0.1688556671142578
0.16668176651000977
0.16970491409301758
0.16501402854919434
0.16744732856750488
0.16881442070007324
0.1673266887664795
0.16738033294677734
0.15926861763000488
0.16287517547607422
0.16487622261047363
0.16484546661376953
0.165632963180542
0.1662588119506836
0.16780543327331543
0.16108942031860352
0.1649312973022461
0.16600775718688965
0.16672897338867188
0.1646716594696045
0.16948676109313965
0.16828513145446777
0.16513633728027344
0.16926169395446777
0.1721048355102539
0.1680293083190918
0.1651315689086914
0.16458749771118164
0.16714882850646973
0.16713833808898926
0.16741538047790527
0.1676340103149414
0.16570377349853516
0.16858315467834473
0.16508936882019043
0.165496826171875
0.1675574779510498
0.16536593437194824
0.1685330867767334
0.16517853736877441
0.1618032455444336
0.16296887397766113
0.16768717765808105
0.16749334335327148
0.16437172889709473
0.16932177543640137
0.16917943954467773
0.16734981536865234
0.16623520851135254
0.16506338119506836
0.16541004180908203
0.1654200553894043
0.1669933795928955
0.16527462005615234
0.16457056999206543
0.1653590202331543
0.16744327545166016
0.1640472412109375
0.1582496166229248
0.16778874397277832
0.16520237922668457
0.16784405708312988
0.16563200950622559
0.1644887924194336
0.16866111755371094
0.16172075271606445
0.1655879020690918
0.16493821144104004
0.16720032691955566
0.16526460647583008
0.16284918785095215
0.16495299339294434
0.16487836837768555
0.16509509086608887
0.16788625717163086
0.16529250144958496
0.16630172729492188
0.16516709327697754
0.1650712490081787
0.16535258293151855
0.1677074432373047
0.1680152416229248
0.1685798168182373
