825.2
689.4
789.7
788.8
814.0
780.1
735.0
808.4
819.0
807.7
814.5
708.2
806.5
809.7
800.4
805.6
706.6
816.8
800.1
815.8
809.0
736.8
811.9
799.4
817.7
794.7
690.3
810.5
815.8
795.2
812.2
723.4
813.9
816.0
779.7
813.7
736.1
810.9
813.7
817.7
806.5
725.5
815.1
822.5
773.6
814.7
736.8
794.6
812.2
816.3
804.6
707.9
734.6
791.1
815.6
807.4
727.9
800.5
809.8
804.7
810.4
739.2
784.5
813.6
760.3
822.4
730.7
808.5
808.2
806.8
745.9
713.4
807.2
812.5
806.8
809.9
721.7
823.7
785.0
812.2
823.2
732.1
816.6
814.7
806.5
808.9
739.7
813.5
804.4
819.6
812.5
736.9
815.9
796.8
817.6
824.1
731.6
816.1
791.6
811.6
805.2
735.1
