0.2798879146575928
0.3292536735534668
0.27726078033447266
0.28902578353881836
0.27639031410217285
0.28583192825317383
0.3074326515197754
0.2758369445800781
0.2734682559967041
0.2735562324523926
0.27745938301086426
0.3303804397583008
0.25787806510925293
0.27040839195251465
0.2798292636871338
0.27181005477905273
0.31836891174316406
0.2754533290863037
0.30617189407348633
0.2757883071899414
0.2768135070800781
0.31487154960632324
0.2746560573577881
0.27388596534729004
0.28124046325683594
0.2818336486816406
0.32878565788269043
0.2763481140136719
0.27944087982177734
0.2828993797302246
0.27698302268981934
0.316525936126709
0.276430606842041
0.26959872245788574
0.28595566749572754
0.27649784088134766
0.30564308166503906
0.2724721431732178
0.2752723693847656
0.2751448154449463
0.27773284912109375
0.31141185760498047
0.27600526809692383
0.2771918773651123
0.285614013671875
0.2749357223510742
0.3162062168121338
0.2806272506713867
0.27571868896484375
0.27437758445739746
0.27713823318481445
0.32627058029174805
0.2967264652252197
0.2881660461425781
0.2770423889160156
0.27120351791381836
0.309070348739624
0.28104114532470703
0.2852060794830322
0.27460479736328125
0.27146005630493164
0.3110823631286621
0.28421521186828613
0.2666776180267334
0.31958794593811035
0.26987552642822266
0.31609177589416504
0.2782759666442871
0.27214527130126953
0.27885866165161133
0.3029603958129883
0.32376980781555176
0.27745747566223145
0.2719862461090088
0.2763795852661133
0.28268933296203613
0.32421398162841797
0.29256653785705566
0.2763941287994385
0.27695369720458984
0.2769613265991211
0.3141334056854248
0.2791569232940674
0.2847270965576172
0.2752213478088379
0.2830660343170166
0.309525728225708
0.2753298282623291
0.27845144271850586
0.27814197540283203
0.27689433097839355
0.310748815536499
0.27451348304748535
0.27103161811828613
0.2739388942718506
0.2778639793395996
0.3170654773712158
0.2781369686126709
0.27788567543029785
0.2710540294647217
0.26944708824157715
0.31150317192077637
