1004.3
984.4
997.7
1015.2
983.9
993.6
986.6
1012.1
1004.7
989.5
982.3
1015.2
996.9
992.4
998.0
1005.3
1013.7
999.4
987.5
1013.4
996.3
995.5
1004.6
1002.1
996.2
1003.6
1015.8
990.9
999.6
988.8
1009.1
997.9
1004.2
1010.8
981.7
1003.8
1019.2
993.6
1010.0
1008.0
979.0
1007.8
993.2
987.5
990.3
1011.6
1007.6
999.8
999.8
990.4
1015.5
989.0
998.9
997.8
991.7
995.1
1011.5
1001.9
989.6
999.3
1001.0
1001.9
987.8
995.4
1002.1
1002.9
1003.0
994.5
1004.4
1005.4
980.0
1010.9
1009.2
986.6
981.4
978.3
1010.1
1013.6
992.0
1010.4
987.1
1007.3
993.5
1002.0
1009.2
996.5
995.5
998.1
1001.3
996.5
986.7
992.1
999.2
1007.1
999.6
996.5
1002.9
999.3
996.4
997.5
1008.5
994.9
