1354.4
1381.6
1378.9
1377.6
1275.2
1288.2
988.2
952.8
1110.9
1231.5
1263.7
839.9
1147.8
1262.7
1226.4
1035.1
1303.4
1359.6
1386.6
1358.9
1381.3
1192.4
1390.9
1374.8
1173.9
1368.1
1458.1
1099.2
695.9
714.1
1176.0
1182.0
1180.4
1180.1
1363.8
1102.2
1093.4
1091.9
1361.5
762.1
1165.3
1370.2
1372.3
1176.6
1163.8
1371.4
1177.2
1351.0
1361.9
1324.9
1362.3
1358.6
1366.2
1367.9
1363.7
1372.2
1272.3
1269.9
1282.7
1369.4
1384.6
1396.2
1401.8
1394.5
1219.1
1117.7
1119.2
1404.5
1220.3
1208.0
815.8
1195.8
1378.6
763.4
1068.0
1340.1
1133.5
1094.2
1274.6
763.1
1089.5
1372.6
1259.0
1266.6
1284.8
1290.4
815.3
1012.3
1295.4
1110.6
1117.4
1397.7
831.8
1197.3
1391.8
1393.9
1212.5
1299.1
1075.0
1351.5
1366.9
1272.3
1198.4
1298.1
1112.6
1114.5
1400.5
1495.5
1287.6
1392.6
1116.2
1108.9
1488.6
849.9
1187.4
1383.4
1292.2
1283.0
1479.6
1115.1
1210.5
1372.6
1370.4
1277.8
1206.0
1217.3
1264.5
1376.1
1378.3
1312.7
1457.0
1134.0
954.3
885.3
941.9
789.4
861.3
1093.7
1343.7
1378.6
1186.4
1182.2
1191.8
1473.9
1190.3
1179.4
1377.9
1375.1
1185.7
1152.5
1161.5
1348.0
1346.4
1338.5
1445.8
1371.8
1362.9
765.1
1174.8
1307.0
1368.1
1173.2
1166.8
1376.1
1380.4
1151.4
1362.4
1347.0
1371.3
722.2
1184.6
1381.5
1366.5
1373.0
1373.2
1379.8
1097.3
1364.6
1119.6
1367.9
1442.7
1192.6
1361.8
1374.9
1277.9
1475.4
1409.5
1334.6
1227.7
1104.4
814.5
1061.2
1088.7
1288.7
692.0
1182.9
1352.3
1202.6
1196.1
1393.8
1300.8
815.2
1111.2
1076.6
1067.4
1098.1
1063.2
1079.1
1050.6
1057.8
1047.2
1048.3
1076.0
1067.8
1025.3
1097.4
1098.2
1106.2
849.3
1111.9
1025.2
1048.6
1135.5
1060.8
1062.8
1121.4
1002.6
1098.6
1089.9
1132.1
1013.1
958.8
1072.1
1063.3
1079.2
1035.2
1074.8
1025.9
1076.1
1076.8
1082.3
1082.4
988.7
1126.2
1023.2
979.0
1041.0
1074.8
1081.1
1086.5
1082.3
1084.0
937.6
1063.0
1079.4
1026.8
1074.5
1120.8
1074.8
971.1
1119.8
1050.5
932.1
1044.8
1077.1
1058.1
1116.6
1047.9
878.4
839.7
864.7
1127.2
1115.9
1120.5
1013.5
1140.5
1074.4
1055.7
1068.8
1032.1
1055.6
1074.5
1084.6
1076.2
1119.9
1070.3
1060.3
1069.0
1079.2
1105.7
1133.7
1131.5
1082.2
1029.4
997.2
1123.4
1073.9
974.5
1078.1
1071.2
1180.3
1065.4
1078.6
1054.0
1078.7
1052.8
