0.011001348495483398
0.010784387588500977
0.01081228256225586
0.010812759399414062
0.010905027389526367
0.010802984237670898
0.03535056114196777
0.016722440719604492
0.017056703567504883
0.010504722595214844
0.01180124282836914
0.021357059478759766
0.01822948455810547
0.01181793212890625
0.016246318817138672
0.011530876159667969
0.01143336296081543
0.010957479476928711
0.010746240615844727
0.010965585708618164
0.010790586471557617
0.010833024978637695
0.010708808898925781
0.010830879211425781
0.010994911193847656
0.010900735855102539
0.01089787483215332
0.010842084884643555
0.022917747497558594
0.022322654724121094
0.010980367660522461
0.010916709899902344
0.010936737060546875
0.010939359664916992
0.010922908782958984
0.010809898376464844
0.010894060134887695
0.010925054550170898
0.010942697525024414
0.022222280502319336
0.010241031646728516
0.010161876678466797
0.010140419006347656
0.010144948959350586
0.010251045227050781
0.010153532028198242
0.010137319564819336
0.011039018630981445
0.010936975479125977
0.011245250701904297
0.010933637619018555
0.01096200942993164
0.01090383529663086
0.010889768600463867
0.010919332504272461
0.010857105255126953
0.010927915573120117
0.010943174362182617
0.010839223861694336
0.010879039764404297
0.010756731033325195
0.010668277740478516
0.01062464714050293
0.010680913925170898
0.010591983795166016
0.01066446304321289
0.010649681091308594
0.010606050491333008
0.010581016540527344
0.010693788528442383
0.02200007438659668
0.010799407958984375
0.010807037353515625
0.02218794822692871
0.010243415832519531
0.010391950607299805
0.010524988174438477
0.01089167594909668
0.010909318923950195
0.022192001342773438
0.010939598083496094
0.010854482650756836
0.011044979095458984
0.010986328125
0.010828733444213867
0.010778427124023438
0.022006750106811523
0.010791778564453125
0.010727405548095703
0.010731697082519531
0.010667562484741211
0.010664939880371094
0.02156853675842285
0.010784387588500977
0.010706901550292969
0.010677099227905273
0.010650396347045898
0.010704517364501953
0.016659259796142578
0.011022090911865234
0.010897159576416016
0.010929346084594727
0.010770559310913086
0.01071310043334961
0.010718584060668945
0.01068878173828125
0.010638952255249023
0.010632991790771484
0.010803699493408203
0.010697603225708008
0.010690450668334961
0.010749101638793945
0.010658740997314453
0.02110600471496582
0.010861635208129883
0.010770797729492188
0.010762453079223633
0.010837554931640625
0.010739564895629883
0.010686397552490234
0.010673761367797852
0.010853767395019531
0.010870218276977539
0.010886669158935547
0.010706901550292969
0.01060628890991211
0.01100921630859375
0.010828018188476562
0.01082301139831543
0.011353254318237305
0.010904788970947266
0.014923572540283203
0.01671314239501953
0.018017053604125977
0.019054889678955078
0.020209312438964844
0.028960227966308594
0.010007143020629883
0.011119842529296875
0.010110855102539062
0.010065317153930664
0.010097742080688477
0.010016679763793945
0.01012563705444336
0.01002955436706543
0.010121345520019531
0.01010441780090332
0.010129451751708984
0.010070562362670898
0.010354042053222656
0.012859106063842773
0.011055231094360352
0.011065244674682617
0.01113271713256836
0.010990142822265625
0.010859489440917969
0.010929346084594727
0.02213573455810547
0.011842489242553711
0.010637760162353516
0.010177373886108398
0.010173320770263672
0.010227680206298828
0.010118961334228516
0.010088443756103516
0.010368108749389648
0.010222911834716797
0.011071205139160156
0.01086568832397461
0.022078990936279297
0.010897636413574219
0.010782957077026367
0.010903120040893555
0.010851621627807617
0.010848045349121094
0.01079702377319336
0.010864019393920898
0.01091313362121582
0.010643720626831055
0.010180950164794922
0.010338306427001953
0.011676549911499023
0.010939836502075195
0.010843038558959961
0.017144441604614258
0.010790586471557617
0.010591745376586914
0.010441064834594727
0.01053762435913086
0.022563457489013672
0.030620574951171875
0.014060020446777344
0.017376184463500977
0.01157999038696289
0.02304816246032715
0.010912895202636719
0.011018991470336914
0.010735034942626953
0.010795354843139648
0.010688066482543945
0.010700464248657227
0.022016048431396484
0.016121864318847656
0.010160684585571289
0.018677234649658203
0.019068241119384766
0.018754005432128906
0.018474578857421875
0.01897573471069336
0.019801855087280273
0.020949840545654297
0.019977807998657227
0.018525123596191406
0.018677949905395508
0.02042984962463379
0.019078969955444336
0.019066810607910156
0.018927574157714844
0.02467656135559082
0.018831729888916016
0.020431041717529297
0.01901865005493164
0.018439769744873047
0.01880168914794922
0.01876688003540039
0.018678665161132812
0.019891977310180664
0.01906442642211914
0.01921367645263672
0.01849985122680664
0.0206756591796875
0.0479273796081543
0.018598079681396484
0.01875448226928711
0.018479108810424805
0.021198511123657227
0.018550395965576172
0.018465518951416016
0.018532752990722656
0.018520593643188477
0.018429040908813477
0.01842355728149414
0.020174026489257812
0.018601655960083008
0.018514633178710938
0.02139759063720703
0.019156932830810547
0.018555641174316406
0.021221399307250977
0.018355131149291992
0.01842522621154785
0.018395423889160156
0.030871152877807617
0.018760204315185547
0.01847100257873535
0.018451213836669922
0.018559932708740234
0.018686771392822266
0.01948380470275879
0.020540237426757812
0.01959061622619629
0.019934892654418945
0.02462148666381836
0.019089937210083008
0.01944112777709961
0.018845558166503906
0.018750667572021484
0.019027233123779297
0.02385115623474121
0.024960041046142578
0.028862714767456055
0.020351409912109375
0.018762826919555664
0.01869368553161621
0.023630380630493164
0.01835942268371582
0.018561840057373047
0.018889904022216797
0.01865863800048828
0.019324302673339844
0.01889204978942871
0.0185546875
0.019306421279907227
0.01853156089782715
0.01869511604309082
0.0186312198638916
0.018804311752319336
0.018654346466064453
0.01847982406616211
0.021652698516845703
0.01847100257873535
0.018503904342651367
0.018428802490234375
0.01840066909790039
0.01998114585876465
0.018639564514160156
0.018569231033325195
0.020473480224609375
0.01849842071533203
0.018618106842041016
0.018556833267211914
0.018717288970947266
0.01848888397216797
0.018919944763183594
0.01848459243774414
0.018944263458251953
