0.15928220748901367
0.15842556953430176
0.16035079956054688
0.15757536888122559
0.15852928161621094
0.1569814682006836
0.15809130668640137
0.15903592109680176
0.1582324504852295
0.15863895416259766
0.16286087036132812
0.15758562088012695
0.16047358512878418
0.18938398361206055
0.1602919101715088
0.1591341495513916
0.15781903266906738
0.15906810760498047
0.15794873237609863
0.15882563591003418
0.1595597267150879
0.16170096397399902
0.15923810005187988
0.16363310813903809
0.16058111190795898
0.15940523147583008
0.15746212005615234
0.15740489959716797
0.15903878211975098
0.15774297714233398
0.15853357315063477
0.1603085994720459
0.15928363800048828
0.1582622528076172
0.15889263153076172
0.15937542915344238
0.16873598098754883
0.1620161533355713
0.15342283248901367
0.1557328701019287
0.1552443504333496
0.1537766456604004
0.1540217399597168
0.1538994312286377
0.15346264839172363
0.15416765213012695
0.15480375289916992
0.15600085258483887
0.1560056209564209
0.15748381614685059
0.153594970703125
0.15364694595336914
0.1561424732208252
0.15632319450378418
0.1572866439819336
0.1567385196685791
0.15815377235412598
0.1636345386505127
0.1626567840576172
0.15908455848693848
0.17579245567321777
0.17463278770446777
0.15790009498596191
0.15767645835876465
0.15964484214782715
0.15552377700805664
0.15551185607910156
0.156846284866333
0.15429329872131348
0.1551363468170166
0.15505456924438477
0.1542980670928955
0.1545553207397461
0.15505552291870117
0.15586376190185547
0.15535426139831543
0.15834760665893555
0.1548781394958496
0.15623140335083008
0.15436601638793945
0.15497374534606934
0.24219846725463867
0.2857856750488281
0.2863755226135254
0.28136777877807617
0.2809016704559326
0.28122901916503906
0.2804992198944092
0.2795908451080322
0.28392958641052246
0.27967190742492676
0.2811613082885742
0.2801382541656494
0.28293418884277344
0.28005266189575195
0.28094005584716797
0.2821033000946045
0.28015732765197754
0.2809760570526123
0.28365278244018555
0.28153395652770996
0.28240537643432617
