1021.3
998.6
996.4
999.1
987.2
991.2
1022.2
986.8
985.4
1026.6
997.9
985.2
1018.5
976.0
1015.5
1028.0
988.8
982.5
1035.1
981.1
993.3
1002.3
1020.0
994.2
1001.8
1017.8
973.7
990.1
1022.7
981.8
1020.2
999.7
1007.3
1016.2
1002.8
977.8
1030.2
975.0
973.0
1005.0
1012.6
994.7
1015.0
1013.0
1004.0
997.5
988.5
991.9
998.3
1018.2
1011.0
978.1
1009.3
1016.4
974.9
1031.6
983.0
1008.2
982.6
1012.1
982.2
1017.6
1019.4
981.6
1014.4
971.4
1010.5
1009.6
1010.8
978.3
1015.5
1008.1
986.3
1002.6
1016.6
1007.0
976.5
977.9
1010.8
976.4
1018.2
1010.1
990.8
1006.5
1016.5
972.1
1021.9
992.8
1014.3
988.7
982.8
1019.1
980.3
975.4
1010.8
1026.7
974.0
1022.7
970.8
961.2
1032.6
995.2
