1098.4
765.0
1188.3
1397.0
1108.0
1202.8
1201.7
1391.4
1375.8
1279.8
1286.0
1468.8
1192.3
1273.1
1356.9
1378.4
1494.8
1197.8
716.9
1087.9
1291.3
1203.8
1206.7
1397.4
1287.2
1370.3
1360.4
1097.6
1092.1
1280.9
1208.7
868.6
1072.9
1289.1
1104.6
1384.9
1356.2
1380.0
1373.8
1193.4
1196.3
1383.0
1272.1
1355.7
854.1
1178.7
1398.4
1382.6
814.8
1105.5
1386.7
1390.5
1323.1
1342.9
1100.7
1040.8
1345.8
1177.9
1096.7
1101.7
1110.3
1396.1
936.4
929.2
935.9
1044.1
1034.7
1055.8
1093.1
1306.5
1306.3
1225.4
1419.1
1411.8
1425.9
1371.7
1317.3
1443.5
1409.6
1438.1
1114.8
1114.3
1344.2
1352.2
1361.7
1362.9
1364.2
1363.9
1374.5
1364.9
1375.4
752.3
708.0
1241.6
1329.7
1336.0
1338.5
1382.2
1096.2
1355.3
1266.5
1268.6
1359.9
1458.9
1452.7
1123.7
1360.9
1373.9
1177.7
1367.8
1360.8
1174.4
1367.3
1364.1
1180.1
1170.2
1347.3
1458.4
1341.6
1268.5
1184.7
1182.8
1190.7
1420.6
1217.1
1092.1
976.8
1173.3
1118.0
855.2
1059.7
1060.6
891.0
800.7
885.2
1268.6
1201.8
1137.4
1199.1
1108.9
1126.9
1179.0
1448.6
718.5
1006.2
1096.3
1362.4
1364.8
1365.5
1090.7
1364.4
1366.0
764.2
1299.5
1362.1
1350.4
1353.9
1272.1
1090.3
1352.3
802.0
1264.2
1366.8
1274.2
1361.1
1093.2
1084.9
717.8
1165.6
1352.8
1362.1
1084.2
1175.8
1089.6
1095.4
1364.9
1366.9
1363.4
1124.5
1373.5
1361.7
1175.8
1173.3
1345.2
1392.8
1168.3
1270.0
1310.0
1267.7
1167.0
1168.8
1365.2
1457.8
1214.3
1204.0
1203.1
1185.1
1101.4
1105.3
1371.4
1384.7
1382.9
1374.2
1366.4
1407.9
1267.6
1348.8
1363.0
1362.8
1102.7
1247.4
710.8
1024.1
1113.0
1385.9
1194.4
1196.3
1106.0
1111.1
1111.4
1203.8
1389.1
1389.9
1376.1
1304.5
1345.3
805.7
1171.5
1175.9
1260.6
1349.8
1092.4
1089.9
1089.2
1356.4
757.9
994.6
1264.1
1354.7
1369.4
1174.9
1265.8
1182.6
1349.6
1354.6
1356.9
1359.9
1359.8
1355.6
1453.9
1364.2
1352.1
1172.6
1165.7
1354.5
1095.1
1173.7
1094.6
1175.5
1065.8
1141.1
1192.7
1203.0
1290.9
1364.1
1211.0
777.2
1124.4
1162.2
1109.3
808.5
1100.0
843.3
1105.4
1180.7
1358.9
1361.2
766.3
1005.4
1201.2
1260.3
1357.8
1352.9
1110.0
1179.3
803.0
1144.9
1151.1
1303.6
1360.8
1274.9
1369.5
1355.2
1360.4
1371.1
1368.1
1365.1
1363.8
1266.4
1290.8
1315.2
1365.2
1202.9
1377.3
1289.3
1383.2
