0.08904099464416504
0.08910322189331055
0.09230661392211914
0.08905267715454102
0.08911705017089844
0.08876228332519531
0.08997845649719238
0.08915305137634277
0.08928060531616211
0.09349370002746582
0.08916592597961426
0.08927750587463379
0.0893259048461914
0.09014177322387695
0.09057426452636719
0.08947324752807617
0.08897519111633301
0.08954882621765137
0.08886098861694336
0.08967208862304688
0.08957862854003906
0.09176445007324219
0.08917403221130371
0.08949708938598633
0.09180927276611328
0.09037017822265625
0.08932805061340332
0.08885598182678223
0.08994030952453613
0.08960413932800293
0.09015750885009766
0.09300804138183594
0.09131383895874023
0.09048938751220703
0.09072685241699219
0.08997893333435059
0.09025096893310547
0.09843778610229492
0.09452962875366211
0.09251832962036133
0.09083223342895508
0.0924680233001709
0.09061980247497559
0.0907900333404541
0.09159350395202637
0.09120416641235352
0.09001016616821289
0.09172296524047852
0.09213399887084961
0.09032630920410156
0.0909719467163086
0.0899498462677002
0.09112977981567383
0.09048914909362793
0.09434771537780762
0.09302139282226562
0.09357309341430664
0.09519577026367188
0.09360957145690918
0.0938425064086914
0.09364104270935059
0.09431743621826172
0.0941472053527832
0.09370279312133789
0.0946190357208252
0.0946650505065918
0.09498262405395508
0.09605193138122559
0.0939645767211914
0.09401893615722656
0.0945119857788086
0.09420895576477051
0.09427332878112793
0.09173417091369629
0.09047985076904297
0.09133267402648926
0.09416890144348145
0.09405517578125
0.09495067596435547
0.09010720252990723
0.09033346176147461
0.09007120132446289
0.09283065795898438
0.09237909317016602
0.09048318862915039
0.09050631523132324
0.09000825881958008
0.08960509300231934
0.08969759941101074
0.09201335906982422
0.08951926231384277
0.09025073051452637
0.08974790573120117
0.09122204780578613
0.09000587463378906
0.0905599594116211
0.09032464027404785
0.08993816375732422
0.09060525894165039
0.09152722358703613
0.0929419994354248
0.09543228149414062
