0.016308307647705078
0.02214956283569336
0.010862112045288086
0.010665178298950195
0.010754108428955078
0.010724067687988281
0.010751485824584961
0.010705709457397461
0.010838031768798828
0.01086568832397461
0.010807514190673828
0.010818719863891602
0.010825157165527344
0.01091909408569336
0.010982751846313477
0.010810136795043945
0.01063084602355957
0.010780096054077148
0.022237300872802734
0.010958433151245117
0.01076960563659668
0.010722875595092773
0.010704994201660156
0.01066136360168457
0.010801076889038086
0.010872602462768555
0.010949134826660156
0.01085805892944336
0.01091456413269043
0.01086282730102539
0.015654563903808594
0.02065277099609375
0.011109590530395508
0.010782003402709961
0.010787487030029297
0.010758399963378906
0.010988473892211914
0.010796785354614258
0.010836362838745117
0.010821819305419922
0.010793209075927734
0.010773897171020508
0.010930776596069336
0.010987520217895508
0.022174358367919922
0.010954856872558594
0.010654926300048828
0.010773897171020508
0.02201104164123535
0.01078176498413086
0.010757207870483398
0.01071476936340332
0.011263847351074219
0.011093854904174805
0.019908666610717773
0.011452198028564453
0.011075258255004883
0.010958671569824219
0.010869026184082031
0.010818719863891602
0.010734796524047852
0.010677814483642578
0.025545358657836914
0.024688720703125
0.0170438289642334
0.017192363739013672
0.016384363174438477
0.015098094940185547
0.014566421508789062
0.016766071319580078
0.010658025741577148
0.010558843612670898
0.010517120361328125
0.010576725006103516
0.010463476181030273
0.010881185531616211
0.010569572448730469
0.010334968566894531
0.01058340072631836
0.010375261306762695
0.010708808898925781
0.010696172714233398
0.011084318161010742
0.011016368865966797
0.010937929153442383
0.01092982292175293
0.010919332504272461
0.010921239852905273
0.010837793350219727
0.010914802551269531
0.010829687118530273
0.02251887321472168
0.02251744270324707
0.011198759078979492
0.011203527450561523
0.011142969131469727
0.011140108108520508
0.010788679122924805
0.014527320861816406
0.010997772216796875
0.01098012924194336
0.010961771011352539
0.010235786437988281
0.010227680206298828
0.010260820388793945
0.010626792907714844
0.01023411750793457
0.010134458541870117
0.010133504867553711
0.010181903839111328
0.010232686996459961
0.010159969329833984
0.010183334350585938
0.010209321975708008
0.010112762451171875
0.010174751281738281
0.01033639907836914
0.010234832763671875
0.010382890701293945
0.010965347290039062
0.010899782180786133
0.010915040969848633
0.010846614837646484
0.011187314987182617
0.016370058059692383
0.011841297149658203
0.01836228370666504
0.01615166664123535
0.013367652893066406
0.054885149002075195
0.011256694793701172
0.027278423309326172
0.024630069732666016
0.02118539810180664
0.0180208683013916
0.010196208953857422
0.010763406753540039
0.013116121292114258
0.013272285461425781
0.016156435012817383
0.012351274490356445
0.010950803756713867
0.010968685150146484
0.02219414710998535
0.010858535766601562
0.010869026184082031
0.01092529296875
0.010912656784057617
0.0109100341796875
0.01092672348022461
0.010918617248535156
0.010915994644165039
0.02216935157775879
0.011467456817626953
0.010936737060546875
0.011033296585083008
0.01099848747253418
0.010918855667114258
0.010930299758911133
0.01101541519165039
0.022357702255249023
0.010999441146850586
0.010899543762207031
0.01091313362121582
0.010944604873657227
0.010903358459472656
0.010985612869262695
0.022228717803955078
0.01107645034790039
0.011011123657226562
0.010930776596069336
0.010991811752319336
0.010979175567626953
0.01093745231628418
0.010877609252929688
0.010919570922851562
0.012352943420410156
0.010929346084594727
0.010595321655273438
0.010138273239135742
0.010221004486083984
0.010150671005249023
0.01017618179321289
0.010336875915527344
0.010715007781982422
0.010212182998657227
0.010182857513427734
0.010627031326293945
0.010969161987304688
0.011069059371948242
0.011046648025512695
0.010913610458374023
0.010906696319580078
0.01146078109741211
0.01072549819946289
0.010731220245361328
0.01090097427368164
0.01082158088684082
0.010779142379760742
0.010867118835449219
0.01075887680053711
0.010773181915283203
0.010838031768798828
0.010900735855102539
0.012710809707641602
0.01095438003540039
0.011042594909667969
0.010925531387329102
0.010929107666015625
0.010807514190673828
0.011143922805786133
0.022443532943725586
0.016530513763427734
0.015198230743408203
0.010749340057373047
0.010805368423461914
0.010792016983032227
0.010775566101074219
0.010722160339355469
0.010734081268310547
0.01071929931640625
0.010722160339355469
0.01071619987487793
0.010838031768798828
0.010654211044311523
0.011069059371948242
0.022268056869506836
0.011020183563232422
0.010979175567626953
0.011026144027709961
0.011036872863769531
0.010910987854003906
0.010935068130493164
0.010938644409179688
0.010981559753417969
0.022342443466186523
0.010982036590576172
0.01098942756652832
0.010989904403686523
0.010878562927246094
0.010978937149047852
0.010981082916259766
0.01091766357421875
0.011038541793823242
0.010993242263793945
0.010975837707519531
0.010950803756713867
0.010951757431030273
0.010990142822265625
0.010928869247436523
0.010919570922851562
0.011019229888916016
0.011007070541381836
0.011073589324951172
0.010988712310791016
0.010882377624511719
0.010997295379638672
0.010888338088989258
0.010981321334838867
0.011183738708496094
0.013940572738647461
0.010827779769897461
0.010730981826782227
0.01076650619506836
0.010918617248535156
0.011486291885375977
0.028240442276000977
0.01685190200805664
0.011138200759887695
0.02248358726501465
0.03455615043640137
0.011740922927856445
0.021284818649291992
0.01621222496032715
0.010938882827758789
0.01096034049987793
0.010942220687866211
0.02211141586303711
0.010863304138183594
0.010746955871582031
0.011028289794921875
0.010971307754516602
0.011008024215698242
0.010736942291259766
0.010947227478027344
0.02233123779296875
0.012147188186645508
0.010303020477294922
0.011439085006713867
0.010947465896606445
0.010905265808105469
0.010878324508666992
0.010994434356689453
0.010949850082397461
0.010863065719604492
0.010885953903198242
0.010910749435424805
0.010922908782958984
0.010979413986206055
0.01077127456665039
0.01132822036743164
0.01091456413269043
0.010731220245361328
0.010819196701049805
0.010782241821289062
0.010770559310913086
